1.000000000000000000e+01 5.000000000000000278e-02 1.644419132674518114e+00 -5.979104293245984536e+02 -3.315145298313265130e+02 -3.315145298313265130e+02
2.000000000000000000e+01 1.000000000000000056e-01 1.133713680107848676e+00 -5.151562543938562158e+02 -3.314946382163847147e+02 -3.314946382163847147e+02
3.000000000000000000e+01 1.499999999999999944e-01 1.089644191304028675e+00 -5.079370174160368379e+02 -3.314146584247841929e+02 -3.314146584247841929e+02
4.000000000000000000e+01 2.000000000000000111e-01 1.213688766592399659e+00 -5.280156884633494201e+02 -3.313981082753806504e+02 -3.313981082753806504e+02
5.000000000000000000e+01 2.500000000000000000e-01 1.198717569356847035e+00 -5.255980363876559522e+02 -3.314057901518467588e+02 -3.314057901518467588e+02
6.000000000000000000e+01 2.999999999999999889e-01 1.259081933312570900e+00 -5.354574582740463029e+02 -3.314861850774098002e+02 -3.314861850774098002e+02
7.000000000000000000e+01 3.500000000000000333e-01 1.142790759826685543e+00 -5.165021416351731887e+02 -3.313700385432501321e+02 -3.313700385432501321e+02
8.000000000000000000e+01 4.000000000000000222e-01 1.056179732478600641e+00 -5.025281204877479126e+02 -3.314270038262146159e+02 -3.314270038262146159e+02
9.000000000000000000e+01 4.500000000000000111e-01 1.125879367522387042e+00 -5.138163752757551492e+02 -3.314239177371284768e+02 -3.314239177371284768e+02
1.000000000000000000e+02 5.000000000000000000e-01 1.058891182426631383e+00 -5.029425391142220292e+02 -3.314021675611077171e+02 -3.314021675611077171e+02
1.100000000000000000e+02 5.500000000000000444e-01 1.116131565473901244e+00 -5.122704743814174435e+02 -3.314571607746454447e+02 -3.314571607746454447e+02
1.200000000000000000e+02 5.999999999999999778e-01 1.042104222044898609e+00 -5.001516211002833074e+02 -3.313307371290097763e+02 -3.313307371290097763e+02
1.300000000000000000e+02 6.500000000000000222e-01 1.103625877020657287e+00 -5.101980807456894240e+02 -3.314106886683429138e+02 -3.314106886683429138e+02
1.400000000000000000e+02 7.000000000000000666e-01 1.057781726445024439e+00 -5.027211359754355158e+02 -3.313604962913415193e+02 -3.313604962913415193e+02
1.500000000000000000e+02 7.500000000000000000e-01 1.127064167905432068e+00 -5.139946315867050544e+02 -3.314102363860250762e+02 -3.314102363860250762e+02
1.600000000000000000e+02 8.000000000000000444e-01 1.087551900322327070e+00 -5.076400792626517955e+02 -3.314566714104348080e+02 -3.314566714104348080e+02
1.700000000000000000e+02 8.499999999999999778e-01 1.008386733186681372e+00 -4.947521550354356350e+02 -3.313935042591932643e+02 -3.313935042591932643e+02
1.800000000000000000e+02 9.000000000000000222e-01 1.126934637587813537e+00 -5.139880276826607997e+02 -3.314246163934350307e+02 -3.314246163934350307e+02
1.900000000000000000e+02 9.500000000000000666e-01 1.146342387255797624e+00 -5.171379809980352320e+02 -3.314305142625960343e+02 -3.314305142625960343e+02
2.000000000000000000e+02 1.000000000000000000e+00 1.090357506544024080e+00 -5.080734444827595553e+02 -3.314355284226276694e+02 -3.314355284226276694e+02
2.100000000000000000e+02 1.050000000000000044e+00 1.076203054485051824e+00 -5.057578120936589698e+02 -3.314129172670805588e+02 -3.314129172670805588e+02
2.200000000000000000e+02 1.100000000000000089e+00 1.097021774831402618e+00 -5.091643819830649704e+02 -3.314468544603777218e+02 -3.314468544603777218e+02
2.300000000000000000e+02 1.150000000000000133e+00 1.090137423612186796e+00 -5.079655853004650226e+02 -3.313633226752907603e+02 -3.313633226752907603e+02
2.400000000000000000e+02 1.199999999999999956e+00 1.112913814459119966e+00 -5.117276269588229525e+02 -3.314355890164455332e+02 -3.314355890164455332e+02
2.500000000000000000e+02 1.250000000000000000e+00 1.023550509554785881e+00 -4.972283081267116813e+02 -3.314131255788363433e+02 -3.314131255788363433e+02
2.600000000000000000e+02 1.300000000000000044e+00 1.112923230214357906e+00 -5.117380771530303036e+02 -3.314445138583043331e+02 -3.314445138583043331e+02
2.700000000000000000e+02 1.350000000000000089e+00 1.067256019748273665e+00 -5.042992902737141776e+02 -3.314038150744938775e+02 -3.314038150744938775e+02
2.800000000000000000e+02 1.400000000000000133e+00 1.106036040000306642e+00 -5.106153178945975810e+02 -3.314374794145479086e+02 -3.314374794145479086e+02
2.900000000000000000e+02 1.449999999999999956e+00 1.066421962875705898e+00 -5.041504383721510862e+02 -3.313900803862867406e+02 -3.313900803862867406e+02
3.000000000000000000e+02 1.500000000000000000e+00 1.092777102990059257e+00 -5.084513635047344451e+02 -3.314214728203448885e+02 -3.314214728203448885e+02
3.100000000000000000e+02 1.550000000000000044e+00 1.210371254293258980e+00 -5.275942667927303091e+02 -3.315141235972223512e+02 -3.315141235972223512e+02
3.200000000000000000e+02 1.600000000000000089e+00 1.080795335517821476e+00 -5.065011896928201054e+02 -3.314123453389330507e+02 -3.314123453389330507e+02
3.300000000000000000e+02 1.650000000000000133e+00 1.139225947178884812e+00 -5.160329668346213339e+02 -3.314783633916420058e+02 -3.314783633916420058e+02
3.400000000000000000e+02 1.699999999999999956e+00 1.066471761289617959e+00 -5.040947658057944523e+02 -3.313263404768763394e+02 -3.313263404768763394e+02
3.500000000000000000e+02 1.750000000000000000e+00 1.155847941270267798e+00 -5.186609799732931378e+02 -3.314136134875097923e+02 -3.314136134875097923e+02
3.600000000000000000e+02 1.800000000000000044e+00 1.119944013514900139e+00 -5.128708985265149067e+02 -3.314399683371010497e+02 -3.314399683371010497e+02
3.700000000000000000e+02 1.850000000000000089e+00 1.082366951973569469e+00 -5.067748771823316929e+02 -3.314314309626134332e+02 -3.314314309626134332e+02
3.800000000000000000e+02 1.900000000000000133e+00 1.192286047981486741e+00 -5.245647867449947626e+02 -3.314144469719939252e+02 -3.314144469719939252e+02
3.900000000000000000e+02 1.949999999999999956e+00 1.215160339491082375e+00 -5.283054439993628648e+02 -3.314494690018075289e+02 -3.314494690018075289e+02
4.000000000000000000e+02 2.000000000000000000e+00 1.090181600057305911e+00 -5.080357890948106956e+02 -3.314263698855271514e+02 -3.314263698855271514e+02
4.100000000000000000e+02 2.049999999999999822e+00 1.150498145055693033e+00 -5.178261889064207253e+02 -3.314454894073984406e+02 -3.314454894073984406e+02
4.200000000000000000e+02 2.100000000000000089e+00 1.163901818180441694e+00 -5.199670440494907098e+02 -3.314149495042591980e+02 -3.314149495042591980e+02
4.300000000000000000e+02 2.149999999999999911e+00 1.099029819378425143e+00 -5.094476059365059655e+02 -3.314047751972011042e+02 -3.314047751972011042e+02
4.400000000000000000e+02 2.200000000000000178e+00 1.032133211546792939e+00 -4.985734294866388154e+02 -3.313678492160584028e+02 -3.313678492160584028e+02
4.500000000000000000e+02 2.250000000000000000e+00 1.054738415650527728e+00 -5.022850963197950023e+02 -3.314174729844095282e+02 -3.314174729844095282e+02
4.600000000000000000e+02 2.300000000000000266e+00 1.023004278350791330e+00 -4.971164230979857166e+02 -3.313897300051575030e+02 -3.313897300051575030e+02
4.700000000000000000e+02 2.350000000000000089e+00 1.173142460760210337e+00 -5.214857502527358974e+02 -3.314366716095818219e+02 -3.314366716095818219e+02
4.800000000000000000e+02 2.399999999999999911e+00 1.191980991387796118e+00 -5.244940580305615185e+02 -3.313931374257385301e+02 -3.313931374257385301e+02
4.900000000000000000e+02 2.450000000000000178e+00 1.122023272337151489e+00 -5.131320912514178190e+02 -3.313643211327992617e+02 -3.313643211327992617e+02
5.000000000000000000e+02 2.500000000000000000e+00 1.091486851225756949e+00 -5.081615313900647379e+02 -3.313406614914921420e+02 -3.313406614914921420e+02
5.100000000000000000e+02 2.550000000000000266e+00 1.117093771214203501e+00 -5.123589424976674991e+02 -3.313897515609665447e+02 -3.313897515609665447e+02
5.200000000000000000e+02 2.600000000000000089e+00 1.119441928796876651e+00 -5.127516324878760088e+02 -3.314020400227819891e+02 -3.314020400227819891e+02
5.300000000000000000e+02 2.649999999999999911e+00 1.035698523019425110e+00 -4.991611513122451811e+02 -3.313779905830982671e+02 -3.313779905830982671e+02
5.400000000000000000e+02 2.700000000000000178e+00 1.212650281051016021e+00 -5.279803805458703891e+02 -3.315310350156057666e+02 -3.315310350156057666e+02
5.500000000000000000e+02 2.750000000000000000e+00 1.166677574931353822e+00 -5.204072050468942052e+02 -3.314054379080148465e+02 -3.314054379080148465e+02
5.600000000000000000e+02 2.800000000000000266e+00 1.185239358149793532e+00 -5.233841631140936670e+02 -3.313753870938271007e+02 -3.313753870938271007e+02
5.700000000000000000e+02 2.850000000000000089e+00 1.265710681752709288e+00 -5.365437575178306133e+02 -3.314986270738917256e+02 -3.314986270738917256e+02
5.800000000000000000e+02 2.899999999999999911e+00 1.096202005496673237e+00 -5.089960616603004269e+02 -3.314113367698393517e+02 -3.314113367698393517e+02
5.900000000000000000e+02 2.950000000000000178e+00 1.119327743312367396e+00 -5.127220205980909213e+02 -3.313909261814874299e+02 -3.313909261814874299e+02
6.000000000000000000e+02 3.000000000000000000e+00 1.136100017104859639e+00 -5.155098585533909272e+02 -3.314616557824036818e+02 -3.314616557824036818e+02
6.100000000000000000e+02 3.050000000000000266e+00 1.149330454866195561e+00 -5.176536452872664995e+02 -3.314621115989427835e+02 -3.314621115989427835e+02
6.200000000000000000e+02 3.100000000000000089e+00 1.175835403235439669e+00 -5.219104206045694809e+02 -3.314250852804282204e+02 -3.314250852804282204e+02
6.300000000000000000e+02 3.149999999999999911e+00 1.076201259879508321e+00 -5.056931177207972041e+02 -3.313485136203168508e+02 -3.313485136203168508e+02
6.400000000000000000e+02 3.200000000000000178e+00 1.053632782716760641e+00 -5.020211339220367108e+02 -3.313326231219214719e+02 -3.313326231219214719e+02
6.500000000000000000e+02 3.250000000000000000e+00 1.078087521664711224e+00 -5.060620351368309571e+02 -3.314118566271476993e+02 -3.314118566271476993e+02
6.600000000000000000e+02 3.300000000000000266e+00 1.097061942498000153e+00 -5.091789556488992048e+02 -3.314549209642232199e+02 -3.314549209642232199e+02
6.700000000000000000e+02 3.350000000000000089e+00 1.142171900798892636e+00 -5.164487876553573642e+02 -3.314169397259367429e+02 -3.314169397259367429e+02
6.800000000000000000e+02 3.399999999999999911e+00 1.153482527538432389e+00 -5.182466363912893712e+02 -3.313824669300632877e+02 -3.313824669300632877e+02
6.900000000000000000e+02 3.450000000000000178e+00 1.205519027551577915e+00 -5.266982257947462358e+02 -3.314041433313906282e+02 -3.314041433313906282e+02
7.000000000000000000e+02 3.500000000000000000e+00 1.153334516944770849e+00 -5.182029284999707670e+02 -3.313627367549178757e+02 -3.313627367549178757e+02
7.100000000000000000e+02 3.550000000000000266e+00 1.081360511922027756e+00 -5.065857723112355302e+02 -3.314053693798670110e+02 -3.314053693798670110e+02
7.200000000000000000e+02 3.600000000000000089e+00 1.080880349241519767e+00 -5.065363451012806308e+02 -3.314337285241543896e+02 -3.314337285241543896e+02
7.300000000000000000e+02 3.649999999999999911e+00 1.099397688182244037e+00 -5.094877445874101340e+02 -3.313853191018865800e+02 -3.313853191018865800e+02
7.400000000000000000e+02 3.700000000000000178e+00 1.176575125453763526e+00 -5.219988693670062503e+02 -3.313936990434965537e+02 -3.313936990434965537e+02
7.500000000000000000e+02 3.750000000000000000e+00 1.208500162626808372e+00 -5.272008262130002549e+02 -3.314237998674573191e+02 -3.314237998674573191e+02
7.600000000000000000e+02 3.800000000000000266e+00 1.091544712262908723e+00 -5.081598356246959725e+02 -3.313295922381047376e+02 -3.313295922381047376e+02
7.700000000000000000e+02 3.850000000000000089e+00 1.141846743489533411e+00 -5.163030952574533785e+02 -3.313239228121489646e+02 -3.313239228121489646e+02
7.800000000000000000e+02 3.899999999999999911e+00 1.206734528903015802e+00 -5.268768262728344780e+02 -3.313858325905458742e+02 -3.313858325905458742e+02
7.900000000000000000e+02 3.950000000000000178e+00 1.138734538237260230e+00 -5.158791206965732954e+02 -3.314041255021371626e+02 -3.314041255021371626e+02
8.000000000000000000e+02 4.000000000000000000e+00 1.108064714044801446e+00 -5.108645574030892362e+02 -3.313580737278314245e+02 -3.313580737278314245e+02
8.100000000000000000e+02 4.049999999999999822e+00 1.222878967888600510e+00 -5.295332007586428062e+02 -3.314268079606895299e+02 -3.314268079606895299e+02
8.200000000000000000e+02 4.099999999999999645e+00 1.124857562887629836e+00 -5.135985298304630078e+02 -3.313716046426669664e+02 -3.313716046426669664e+02
8.300000000000000000e+02 4.150000000000000355e+00 9.843923744243330276e-01 -4.907936307583967732e+02 -3.313220661016548547e+02 -3.313220661016548547e+02
8.400000000000000000e+02 4.200000000000000178e+00 1.064105614649889509e+00 -5.037346721089553512e+02 -3.313495625356732717e+02 -3.313495625356732717e+02
8.500000000000000000e+02 4.250000000000000000e+00 1.130765580132346848e+00 -5.146052051891026622e+02 -3.314211812076624710e+02 -3.314211812076624710e+02
8.600000000000000000e+02 4.299999999999999822e+00 1.025829789175210616e+00 -4.975291758377487668e+02 -3.313447499913646652e+02 -3.313447499913646652e+02
8.700000000000000000e+02 4.350000000000000533e+00 1.134507885195638721e+00 -5.151705164369461727e+02 -3.313802390352526572e+02 -3.313802390352526572e+02
8.800000000000000000e+02 4.400000000000000355e+00 1.139528812888115361e+00 -5.160155985437064601e+02 -3.314119308558317698e+02 -3.314119308558317698e+02
8.900000000000000000e+02 4.450000000000000178e+00 1.062207362436712099e+00 -5.034552755120630536e+02 -3.313776827973156855e+02 -3.313776827973156855e+02
9.000000000000000000e+02 4.500000000000000000e+00 1.064129964518214733e+00 -5.037797728932143286e+02 -3.313907186412635610e+02 -3.313907186412635610e+02
9.100000000000000000e+02 4.549999999999999822e+00 1.166649579295550243e+00 -5.204105280730333334e+02 -3.314132962271542056e+02 -3.314132962271542056e+02
9.200000000000000000e+02 4.600000000000000533e+00 1.144009694101280061e+00 -5.167060692583814898e+02 -3.313764988139741376e+02 -3.313764988139741376e+02
9.300000000000000000e+02 4.650000000000000355e+00 1.049792227797525346e+00 -5.013954688040989822e+02 -3.313291279008998345e+02 -3.313291279008998345e+02
9.400000000000000000e+02 4.700000000000000178e+00 1.257809660997754486e+00 -5.351828608582452489e+02 -3.314176957766089799e+02 -3.314176957766089799e+02
9.500000000000000000e+02 4.750000000000000000e+00 1.153678391822455129e+00 -5.182596395145341148e+02 -3.313637400392963741e+02 -3.313637400392963741e+02
9.600000000000000000e+02 4.799999999999999822e+00 1.130142086168801629e+00 -5.144812750369960668e+02 -3.313982570776502143e+02 -3.313982570776502143e+02
9.700000000000000000e+02 4.850000000000000533e+00 1.125436508746360253e+00 -5.136540898851648080e+02 -3.313333754682544168e+02 -3.313333754682544168e+02
9.800000000000000000e+02 4.900000000000000355e+00 1.252326934172085293e+00 -5.343055234240437130e+02 -3.314285600881659093e+02 -3.314285600881659093e+02
9.900000000000000000e+02 4.950000000000000178e+00 1.136319043026906561e+00 -5.154881503620480316e+02 -3.314044653916892003e+02 -3.314044653916892003e+02
1.000000000000000000e+03 5.000000000000000000e+00 1.079038050510311875e+00 -5.061812586111655605e+02 -3.313770944284950701e+02 -3.313770944284950701e+02
1.010000000000000000e+03 5.049999999999999822e+00 1.106487210382872011e+00 -5.106341781708304666e+02 -3.313832500888051982e+02 -3.313832500888051982e+02
1.020000000000000000e+03 5.100000000000000533e+00 1.129878592459640618e+00 -5.144383417292358445e+02 -3.313980097507740652e+02 -3.313980097507740652e+02
1.030000000000000000e+03 5.150000000000000355e+00 1.167434525396746192e+00 -5.205169128598537327e+02 -3.313925197455808416e+02 -3.313925197455808416e+02
1.040000000000000000e+03 5.200000000000000178e+00 1.108961641507800966e+00 -5.110311302066472763e+02 -3.313793442823834994e+02 -3.313793442823834994e+02
1.050000000000000000e+03 5.250000000000000000e+00 1.113065012515004115e+00 -5.117469477091919998e+02 -3.314304156817613602e+02 -3.314304156817613602e+02
1.060000000000000000e+03 5.299999999999999822e+00 1.061440290624695360e+00 -5.033537246554265607e+02 -3.314003975742259058e+02 -3.314003975742259058e+02
1.070000000000000000e+03 5.350000000000000533e+00 1.070794299379299597e+00 -5.048807586482064949e+02 -3.314120821487599642e+02 -3.314120821487599642e+02
1.080000000000000000e+03 5.400000000000000355e+00 1.008119051607147654e+00 -4.946500998026595539e+02 -3.313348134423016518e+02 -3.313348134423016518e+02
1.090000000000000000e+03 5.450000000000000178e+00 1.043906652381739519e+00 -5.004876495023968346e+02 -3.313747718165550395e+02 -3.313747718165550395e+02
1.100000000000000000e+03 5.500000000000000000e+00 1.072306102660828930e+00 -5.051012314980631572e+02 -3.313876428670088785e+02 -3.313876428670088785e+02
1.110000000000000000e+03 5.549999999999999822e+00 1.119706065796051142e+00 -5.128009681152096846e+02 -3.314085854562493978e+02 -3.314085854562493978e+02
1.120000000000000000e+03 5.600000000000000533e+00 1.116841377174950356e+00 -5.123432227522835092e+02 -3.314149196499415666e+02 -3.314149196499415666e+02
1.130000000000000000e+03 5.650000000000000355e+00 1.194204105969852492e+00 -5.248718011327778186e+02 -3.314107359656617291e+02 -3.314107359656617291e+02
1.140000000000000000e+03 5.700000000000000178e+00 1.138366974195522241e+00 -5.157953518462718421e+02 -3.313799020265972786e+02 -3.313799020265972786e+02
1.150000000000000000e+03 5.750000000000000000e+00 1.095386011226758161e+00 -5.088372566736027807e+02 -3.313847228548679595e+02 -3.313847228548679595e+02
1.160000000000000000e+03 5.799999999999999822e+00 1.165744973756758451e+00 -5.202317509551260173e+02 -3.313810652065311615e+02 -3.313810652065311615e+02
1.170000000000000000e+03 5.850000000000000533e+00 1.202214120771467165e+00 -5.261850977217725358e+02 -3.314264101567948728e+02 -3.314264101567948728e+02
1.180000000000000000e+03 5.900000000000000355e+00 1.080245184336265929e+00 -5.063539197142259241e+02 -3.313541998517508773e+02 -3.313541998517508773e+02
1.190000000000000000e+03 5.950000000000000178e+00 1.142042429544264159e+00 -5.163890457381612578e+02 -3.313781721519904977e+02 -3.313781721519904977e+02
1.200000000000000000e+03 6.000000000000000000e+00 1.130882893162150182e+00 -5.145288669024480441e+02 -3.313258382101797110e+02 -3.313258382101797110e+02
1.210000000000000000e+03 6.049999999999999822e+00 1.219132495744411848e+00 -5.288649008093500470e+02 -3.313654364987553436e+02 -3.313654364987553436e+02
1.220000000000000000e+03 6.100000000000000533e+00 1.107490459639552949e+00 -5.107122526053425418e+02 -3.312987981437349845e+02 -3.312987981437349845e+02
1.230000000000000000e+03 6.150000000000000355e+00 1.014633606235495922e+00 -4.956860148957301817e+02 -3.313153706855798646e+02 -3.313153706855798646e+02
1.240000000000000000e+03 6.200000000000000178e+00 1.151526253445736447e+00 -5.179413344682934621e+02 -3.313940814100841408e+02 -3.313940814100841408e+02
1.250000000000000000e+03 6.250000000000000000e+00 1.118610288344301651e+00 -5.125288250470907769e+02 -3.313139583353139415e+02 -3.313139583353139415e+02
1.260000000000000000e+03 6.299999999999999822e+00 1.146925994043096919e+00 -5.171773307999393410e+02 -3.313753197649576236e+02 -3.313753197649576236e+02
1.270000000000000000e+03 6.350000000000000533e+00 1.170586259358616710e+00 -5.210097026610519606e+02 -3.313747286449560647e+02 -3.313747286449560647e+02
1.280000000000000000e+03 6.400000000000000355e+00 1.165905453976720629e+00 -5.202608287799840809e+02 -3.313841452357553408e+02 -3.313841452357553408e+02
1.290000000000000000e+03 6.450000000000000178e+00 1.160662462608025969e+00 -5.194515617156628196e+02 -3.314242427731626321e+02 -3.314242427731626321e+02
1.300000000000000000e+03 6.500000000000000000e+00 1.139390776919384063e+00 -5.159443503478696584e+02 -3.313630444869294251e+02 -3.313630444869294251e+02
1.310000000000000000e+03 6.549999999999999822e+00 1.179197121051779096e+00 -5.224053232816420405e+02 -3.313753896712538562e+02 -3.313753896712538562e+02
1.320000000000000000e+03 6.600000000000000533e+00 1.138788568905432896e+00 -5.158210318601161362e+02 -3.313372836974359643e+02 -3.313372836974359643e+02
1.330000000000000000e+03 6.650000000000000355e+00 1.116440801927159443e+00 -5.122494349159164813e+02 -3.313860250037166679e+02 -3.313860250037166679e+02
1.340000000000000000e+03 6.700000000000000178e+00 1.087846952204966078e+00 -5.076256693734677583e+02 -3.313944631162632390e+02 -3.313944631162632390e+02
1.350000000000000000e+03 6.750000000000000000e+00 1.070855262253878504e+00 -5.049198659178167077e+02 -3.314413134326883892e+02 -3.314413134326883892e+02
1.360000000000000000e+03 6.799999999999999822e+00 1.106413901436561931e+00 -5.106342960851205817e+02 -3.313952440523975156e+02 -3.313952440523975156e+02
1.370000000000000000e+03 6.850000000000000533e+00 1.122001854369575335e+00 -5.131324572176406491e+02 -3.313681568097694594e+02 -3.313681568097694594e+02
1.380000000000000000e+03 6.900000000000000355e+00 1.218593953319561329e+00 -5.288633517830215851e+02 -3.314511313452526338e+02 -3.314511313452526338e+02
1.390000000000000000e+03 6.950000000000000178e+00 1.109171142944491484e+00 -5.110151847897515154e+02 -3.313294596327439194e+02 -3.313294596327439194e+02
1.400000000000000000e+03 7.000000000000000000e+00 1.173611886514070557e+00 -5.215554081434685259e+02 -3.314302825281890819e+02 -3.314302825281890819e+02
1.410000000000000000e+03 7.049999999999999822e+00 1.092673919423928552e+00 -5.084010404112336232e+02 -3.313878654645571942e+02 -3.313878654645571942e+02
1.420000000000000000e+03 7.100000000000000533e+00 1.113184748388238665e+00 -5.117099877800862373e+02 -3.313740585411915731e+02 -3.313740585411915731e+02
1.430000000000000000e+03 7.150000000000000355e+00 1.215801328384479074e+00 -5.284093010193300870e+02 -3.314494858210445045e+02 -3.314494858210445045e+02
1.440000000000000000e+03 7.200000000000000178e+00 1.174635275205317964e+00 -5.217263703155078929e+02 -3.314354557322463961e+02 -3.314354557322463961e+02
1.450000000000000000e+03 7.250000000000000000e+00 1.214502067894295934e+00 -5.281341502767638758e+02 -3.313848152778879239e+02 -3.313848152778879239e+02
1.460000000000000000e+03 7.299999999999999822e+00 1.224689451356065995e+00 -5.298455556138543443e+02 -3.314458644941716443e+02 -3.314458644941716443e+02
1.470000000000000000e+03 7.350000000000000533e+00 1.031458576448707420e+00 -4.984779463801240240e+02 -3.313816569954334454e+02 -3.313816569954334454e+02
1.480000000000000000e+03 7.400000000000000355e+00 1.091252858810191073e+00 -5.081473401599486692e+02 -3.313643770326976892e+02 -3.313643770326976892e+02
1.490000000000000000e+03 7.450000000000000178e+00 1.117068954678591242e+00 -5.123544974172608590e+02 -3.313893267593290943e+02 -3.313893267593290943e+02
1.500000000000000000e+03 7.500000000000000000e+00 1.075883152831781819e+00 -5.056745631223270721e+02 -3.313814923635784453e+02 -3.313814923635784453e+02
1.510000000000000000e+03 7.549999999999999822e+00 1.134540075152721927e+00 -5.152131182758613477e+02 -3.314176261011203906e+02 -3.314176261011203906e+02
1.520000000000000000e+03 7.600000000000000533e+00 1.143312096730136229e+00 -5.165972803971885696e+02 -3.313807207269064747e+02 -3.313807207269064747e+02
1.530000000000000000e+03 7.650000000000000355e+00 1.166579415156741240e+00 -5.203846672147876689e+02 -3.313988019593955983e+02 -3.313988019593955983e+02
1.540000000000000000e+03 7.700000000000000178e+00 1.113390424868957007e+00 -5.117374791729639583e+02 -3.313682303441929662e+02 -3.313682303441929662e+02
1.550000000000000000e+03 7.750000000000000000e+00 1.151059255413282578e+00 -5.179012362845188591e+02 -3.314296369075671009e+02 -3.314296369075671009e+02
1.560000000000000000e+03 7.799999999999999822e+00 1.175113214462969458e+00 -5.217571459492826307e+02 -3.313888052062815746e+02 -3.313888052062815746e+02
1.570000000000000000e+03 7.850000000000000533e+00 1.191739460741418899e+00 -5.244641758816381980e+02 -3.314023832415283550e+02 -3.314023832415283550e+02
1.580000000000000000e+03 7.900000000000000355e+00 1.171393115905249971e+00 -5.211456727345491799e+02 -3.313799879578987202e+02 -3.313799879578987202e+02
1.590000000000000000e+03 7.950000000000000178e+00 1.125749657328681597e+00 -5.137344009545882955e+02 -3.313629564673418599e+02 -3.313629564673418599e+02
1.600000000000000000e+03 8.000000000000000000e+00 1.101886922374077482e+00 -5.098723767280166044e+02 -3.313666953034160656e+02 -3.313666953034160656e+02
1.610000000000000000e+03 8.050000000000000711e+00 1.110825343531668841e+00 -5.112913906136961373e+02 -3.313376849615657989e+02 -3.313376849615657989e+02
1.620000000000000000e+03 8.099999999999999645e+00 1.188433506603028711e+00 -5.238917949944309385e+02 -3.313655669247402784e+02 -3.313655669247402784e+02
1.630000000000000000e+03 8.150000000000000355e+00 1.162916948748409451e+00 -5.198599839770371318e+02 -3.314674382797948056e+02 -3.314674382797948056e+02
1.640000000000000000e+03 8.199999999999999289e+00 1.021431619599534102e+00 -4.968707286421228559e+02 -3.313988062669983492e+02 -3.313988062669983492e+02
1.650000000000000000e+03 8.250000000000000000e+00 1.156999083037306253e+00 -5.188102496629214784e+02 -3.313763982108778805e+02 -3.313763982108778805e+02
1.660000000000000000e+03 8.300000000000000711e+00 1.117210312097808966e+00 -5.123571413964178873e+02 -3.313690708365728597e+02 -3.313690708365728597e+02
1.670000000000000000e+03 8.349999999999999645e+00 1.093910468682005810e+00 -5.086484538772813835e+02 -3.314349579507964449e+02 -3.314349579507964449e+02
1.680000000000000000e+03 8.400000000000000355e+00 1.106082939656146014e+00 -5.105523036093089786e+02 -3.313668673850133359e+02 -3.313668673850133359e+02
1.690000000000000000e+03 8.449999999999999289e+00 1.089410514771970373e+00 -5.078641562429704663e+02 -3.313796528499112810e+02 -3.313796528499112810e+02
1.700000000000000000e+03 8.500000000000000000e+00 1.096938907874697611e+00 -5.091206331452514178e+02 -3.314165300695503902e+02 -3.314165300695503902e+02
1.710000000000000000e+03 8.550000000000000711e+00 1.173240185927416634e+00 -5.215071510846070169e+02 -3.314422409643655101e+02 -3.314422409643655101e+02
1.720000000000000000e+03 8.599999999999999645e+00 1.048904396815890872e+00 -5.012537759501614119e+02 -3.313312636659870805e+02 -3.313312636659870805e+02
1.730000000000000000e+03 8.650000000000000355e+00 1.207438564129402314e+00 -5.270553184585036206e+02 -3.314502710695404630e+02 -3.314502710695404630e+02
1.740000000000000000e+03 8.700000000000001066e+00 1.070372301434048490e+00 -5.047723742119347889e+02 -3.313720613796189127e+02 -3.313720613796189127e+02
1.750000000000000000e+03 8.750000000000000000e+00 1.155176514287779455e+00 -5.186663180420455319e+02 -3.315277227274252709e+02 -3.315277227274252709e+02
1.760000000000000000e+03 8.800000000000000711e+00 1.096953113822131565e+00 -5.091028719089502488e+02 -3.313964674697649571e+02 -3.313964674697649571e+02
1.770000000000000000e+03 8.849999999999999645e+00 1.152560037264238169e+00 -5.180776198510366157e+02 -3.313628938142300058e+02 -3.313628938142300058e+02
1.780000000000000000e+03 8.900000000000000355e+00 1.113156462266799540e+00 -5.116865354404963568e+02 -3.313551885532748429e+02 -3.313551885532748429e+02
1.790000000000000000e+03 8.950000000000001066e+00 1.192395734105075267e+00 -5.246005446002913004e+02 -3.314324356752690619e+02 -3.314324356752690619e+02
1.800000000000000000e+03 9.000000000000000000e+00 1.049215936644497305e+00 -5.013366174884192787e+02 -3.313636357520107367e+02 -3.313636357520107367e+02
1.810000000000000000e+03 9.050000000000000711e+00 1.137814990995707154e+00 -5.157496142681005722e+02 -3.314235857267959773e+02 -3.314235857267959773e+02
1.820000000000000000e+03 9.099999999999999645e+00 1.144328056321243237e+00 -5.166938940117433958e+02 -3.313127488877020141e+02 -3.313127488877020141e+02
1.830000000000000000e+03 9.150000000000000355e+00 1.216616599847998303e+00 -5.284975608360917931e+02 -3.314056716607160524e+02 -3.314056716607160524e+02
1.840000000000000000e+03 9.200000000000001066e+00 1.029767781802366278e+00 -4.980886431977843358e+02 -3.312662625458009984e+02 -3.312662625458009984e+02
1.850000000000000000e+03 9.250000000000000000e+00 1.217725408925214969e+00 -5.286936707339948498e+02 -3.314221544881100385e+02 -3.314221544881100385e+02
1.860000000000000000e+03 9.300000000000000711e+00 1.092512034882680894e+00 -5.083241883624635875e+02 -3.313372387114692401e+02 -3.313372387114692401e+02
1.870000000000000000e+03 9.349999999999999645e+00 1.230592230518549712e+00 -5.307701187923208863e+02 -3.314141774483158542e+02 -3.314141774483158542e+02
1.880000000000000000e+03 9.400000000000000355e+00 1.131222823789691745e+00 -5.146833745883844813e+02 -3.314252771344544044e+02 -3.314252771344544044e+02
1.890000000000000000e+03 9.450000000000001066e+00 1.156742819784244425e+00 -5.189158337782909030e+02 -3.315234969732433115e+02 -3.315234969732433115e+02
1.900000000000000000e+03 9.500000000000000000e+00 1.082402127772182476e+00 -5.066627351842799385e+02 -3.313135904851864098e+02 -3.313135904851864098e+02
1.910000000000000000e+03 9.550000000000000711e+00 1.111033490081049679e+00 -5.113236073326438031e+02 -3.313361819395137218e+02 -3.313361819395137218e+02
1.920000000000000000e+03 9.599999999999999645e+00 1.168269662291039568e+00 -5.206037489873740469e+02 -3.313440636962256463e+02 -3.313440636962256463e+02
1.930000000000000000e+03 9.650000000000000355e+00 1.170756789826979505e+00 -5.210201059110739834e+02 -3.313575059591032641e+02 -3.313575059591032641e+02
1.940000000000000000e+03 9.700000000000001066e+00 1.080232835248303269e+00 -5.064034719656567631e+02 -3.314057526554316269e+02 -3.314057526554316269e+02
1.950000000000000000e+03 9.750000000000000000e+00 1.179370531917528941e+00 -5.225613545634059847e+02 -3.315033283927663206e+02 -3.315033283927663206e+02
1.960000000000000000e+03 9.800000000000000711e+00 1.148145553744184033e+00 -5.174092340231453591e+02 -3.314096543165875346e+02 -3.314096543165875346e+02
1.970000000000000000e+03 9.849999999999999645e+00 1.190771259567669604e+00 -5.243171646138785036e+02 -3.314122205639160370e+02 -3.314122205639160370e+02
1.980000000000000000e+03 9.900000000000000355e+00 1.234783639080351048e+00 -5.314432213325404746e+02 -3.314082718015235969e+02 -3.314082718015235969e+02
1.990000000000000000e+03 9.950000000000001066e+00 1.259378677080074338e+00 -5.354106697488537066e+02 -3.313913240618816189e+02 -3.313913240618816189e+02
2.000000000000000000e+03 1.000000000000000000e+01 1.167890419829297199e+00 -5.206121103341378102e+02 -3.314138623217916688e+02 -3.314138623217916688e+02
