1.000000000000000000e+01 5.000000000000000278e-02 6.477294156031876415e-01 -6.616159695255794304e+02 -5.566838041978630827e+02 -5.566838041978630827e+02
2.000000000000000000e+01 1.000000000000000056e-01 3.338611573755055906e-01 -6.106850195958201084e+02 -5.565995121009882496e+02 -5.565995121009882496e+02
3.000000000000000000e+01 1.499999999999999944e-01 3.366527513945897776e-01 -6.111978808486157959e+02 -5.566601351226922816e+02 -5.566601351226922816e+02
4.000000000000000000e+01 2.000000000000000111e-01 3.522271494404879411e-01 -6.137095016945950192e+02 -5.566487034852359557e+02 -5.566487034852359557e+02
5.000000000000000000e+01 2.500000000000000000e-01 4.006628072666360563e-01 -6.215621774419807934e+02 -5.566548026647857341e+02 -5.566548026647857341e+02
6.000000000000000000e+01 2.999999999999999889e-01 4.063319165648230369e-01 -6.224778014243136113e+02 -5.566520309408123239e+02 -5.566520309408123239e+02
7.000000000000000000e+01 3.500000000000000333e-01 3.783460760742629603e-01 -6.179393197790275281e+02 -5.566472554549969800e+02 -5.566472554549969800e+02
8.000000000000000000e+01 4.000000000000000222e-01 3.893481230566281925e-01 -6.197281822190315097e+02 -5.566537862838576984e+02 -5.566537862838576984e+02
9.000000000000000000e+01 4.500000000000000111e-01 3.984368214888692750e-01 -6.211954559397267985e+02 -5.566486908585300171e+02 -5.566486908585300171e+02
1.000000000000000000e+02 5.000000000000000000e-01 3.767585574416787986e-01 -6.176839491585474207e+02 -5.566490628529954847e+02 -5.566490628529954847e+02
1.100000000000000000e+02 5.500000000000000444e-01 3.760716363593727407e-01 -6.175656548513670714e+02 -5.566420497611486553e+02 -5.566420497611486553e+02
1.200000000000000000e+02 5.999999999999999778e-01 4.316157534692284248e-01 -6.265715844516654442e+02 -5.566498323896504417e+02 -5.566498323896504417e+02
1.300000000000000000e+02 6.500000000000000222e-01 4.488504997932852292e-01 -6.293623751807353983e+02 -5.566485942142231806e+02 -5.566485942142231806e+02
1.400000000000000000e+02 7.000000000000000666e-01 4.484243844580873550e-01 -6.292863219894285294e+02 -5.566415717072184179e+02 -5.566415717072184179e+02
1.500000000000000000e+02 7.500000000000000000e-01 4.616043360650444183e-01 -6.314259561519086219e+02 -5.566460537093714720e+02 -5.566460537093714720e+02
1.600000000000000000e+02 8.000000000000000444e-01 4.454771389555472472e-01 -6.288105568120063253e+02 -5.566432603012076470e+02 -5.566432603012076470e+02
1.700000000000000000e+02 8.499999999999999778e-01 4.115221941615066492e-01 -6.233066776868744228e+02 -5.566400822327103697e+02 -5.566400822327103697e+02
1.800000000000000000e+02 9.000000000000000222e-01 4.048624435895690765e-01 -6.222364498018474706e+02 -5.566487339403372516e+02 -5.566487339403372516e+02
1.900000000000000000e+02 9.500000000000000666e-01 4.245187014864103547e-01 -6.254218686801469858e+02 -5.566498390393485352e+02 -5.566498390393485352e+02
2.000000000000000000e+02 1.000000000000000000e+00 4.460895260343304414e-01 -6.289110674772767879e+02 -5.566445642597152528e+02 -5.566445642597152528e+02
2.100000000000000000e+02 1.050000000000000044e+00 4.469127682513809319e-01 -6.290476426932099230e+02 -5.566477742364861570e+02 -5.566477742364861570e+02
2.200000000000000000e+02 1.100000000000000089e+00 4.195883200142929148e-01 -6.246155677742293619e+02 -5.566422599319139408e+02 -5.566422599319139408e+02
2.300000000000000000e+02 1.150000000000000133e+00 4.240304839014913396e-01 -6.253363561907029862e+02 -5.566434177986614031e+02 -5.566434177986614031e+02
2.400000000000000000e+02 1.199999999999999956e+00 4.391210136294462774e-01 -6.277839002533685289e+02 -5.566462960453982305e+02 -5.566462960453982305e+02
2.500000000000000000e+02 1.250000000000000000e+00 4.523167530581561069e-01 -6.299247917490782811e+02 -5.566494777536570382e+02 -5.566494777536570382e+02
2.600000000000000000e+02 1.300000000000000044e+00 4.282378785314868153e-01 -6.260144208607118799e+02 -5.566398845386109997e+02 -5.566398845386109997e+02
2.700000000000000000e+02 1.350000000000000089e+00 4.050917179554203718e-01 -6.222723847827207919e+02 -5.566475264739426621e+02 -5.566475264739426621e+02
2.800000000000000000e+02 1.400000000000000133e+00 3.955886121363410002e-01 -6.207253403365405120e+02 -5.566399851704533148e+02 -5.566399851704533148e+02
2.900000000000000000e+02 1.449999999999999956e+00 4.337670492230594754e-01 -6.269198374973029786e+02 -5.566495755231673002e+02 -5.566495755231673002e+02
3.000000000000000000e+02 1.500000000000000000e+00 4.528277967292062001e-01 -6.300044239795849990e+02 -5.566463209094536069e+02 -5.566463209094536069e+02
3.100000000000000000e+02 1.550000000000000044e+00 4.595748218208990932e-01 -6.310951112341360840e+02 -5.566439900991504146e+02 -5.566439900991504146e+02
3.200000000000000000e+02 1.600000000000000089e+00 4.432129720438900966e-01 -6.284506176247846270e+02 -5.566501161536743894e+02 -5.566501161536743894e+02
3.300000000000000000e+02 1.650000000000000133e+00 4.111344138624531408e-01 -6.232487555345217061e+02 -5.566449804888043218e+02 -5.566449804888043218e+02
3.400000000000000000e+02 1.699999999999999956e+00 4.242473793699621520e-01 -6.253742215589683155e+02 -5.566461461010344465e+02 -5.566461461010344465e+02
3.500000000000000000e+02 1.750000000000000000e+00 4.624701591900344799e-01 -6.315770961250251503e+02 -5.566569303362396113e+02 -5.566569303362396113e+02
3.600000000000000000e+02 1.800000000000000044e+00 4.652919371382830960e-01 -6.320199706550108658e+02 -5.566426768386089634e+02 -5.566426768386089634e+02
3.700000000000000000e+02 1.850000000000000089e+00 4.603132367772796996e-01 -6.312255610689675223e+02 -5.566548167110481700e+02 -5.566548167110481700e+02
3.800000000000000000e+02 1.900000000000000133e+00 4.159391061350377061e-01 -6.240163318919508129e+02 -5.566341966980746747e+02 -5.566341966980746747e+02
3.900000000000000000e+02 1.949999999999999956e+00 4.477768787090445346e-01 -6.291921908037769526e+02 -5.566523364529117543e+02 -5.566523364529117543e+02
4.000000000000000000e+02 2.000000000000000000e+00 4.573992068142056500e-01 -6.307468397094842203e+02 -5.566481682055829197e+02 -5.566481682055829197e+02
4.100000000000000000e+02 2.049999999999999822e+00 4.388407571666871343e-01 -6.277455469944108017e+02 -5.566533443334075173e+02 -5.566533443334075173e+02
4.200000000000000000e+02 2.100000000000000089e+00 3.978891733714114975e-01 -6.210993243419284227e+02 -5.566412782557597438e+02 -5.566412782557597438e+02
4.300000000000000000e+02 2.149999999999999911e+00 4.153395760223064226e-01 -6.239420351524551052e+02 -5.566570238368415176e+02 -5.566570238368415176e+02
4.400000000000000000e+02 2.200000000000000178e+00 4.081820224706871891e-01 -6.227686789042382998e+02 -5.566431912639869779e+02 -5.566431912639869779e+02
4.500000000000000000e+02 2.250000000000000000e+00 4.218919803931824863e-01 -6.250018732628163889e+02 -5.566553724391208107e+02 -5.566553724391208107e+02
4.600000000000000000e+02 2.300000000000000266e+00 4.271168226494824749e-01 -6.258431411325819909e+02 -5.566502158633658155e+02 -5.566502158633658155e+02
4.700000000000000000e+02 2.350000000000000089e+00 4.284415965687858874e-01 -6.260589701520743802e+02 -5.566514315079310791e+02 -5.566514315079310791e+02
4.800000000000000000e+02 2.399999999999999911e+00 4.047494186183672182e-01 -6.222156951640860143e+02 -5.566462893479105105e+02 -5.566462893479105105e+02
4.900000000000000000e+02 2.450000000000000178e+00 4.064966636602653227e-01 -6.225016496007175419e+02 -5.566491900877545049e+02 -5.566491900877545049e+02
5.000000000000000000e+02 2.500000000000000000e+00 4.371996947326081684e-01 -6.274824578394693617e+02 -5.566561072927868281e+02 -5.566561072927868281e+02
5.100000000000000000e+02 2.550000000000000266e+00 4.277517432223764127e-01 -6.259437946657353677e+02 -5.566480122637103705e+02 -5.566480122637103705e+02
5.200000000000000000e+02 2.600000000000000089e+00 4.114577268329512871e-01 -6.233097296701574805e+02 -5.566535779232193590e+02 -5.566535779232193590e+02
5.300000000000000000e+02 2.649999999999999911e+00 4.057852837164426241e-01 -6.223766787371278042e+02 -5.566394627750640893e+02 -5.566394627750640893e+02
5.400000000000000000e+02 2.700000000000000178e+00 4.506309797390172234e-01 -6.296565308498829836e+02 -5.566543121321622039e+02 -5.566543121321622039e+02
5.500000000000000000e+02 2.750000000000000000e+00 4.568522277790746378e-01 -6.306611534487287827e+02 -5.566510925485187045e+02 -5.566510925485187045e+02
5.600000000000000000e+02 2.800000000000000266e+00 4.364684805785856159e-01 -6.273572557895513455e+02 -5.566493619358204796e+02 -5.566493619358204796e+02
5.700000000000000000e+02 2.850000000000000089e+00 4.132406618512840524e-01 -6.235884740712943994e+02 -5.566434868513863421e+02 -5.566434868513863421e+02
5.800000000000000000e+02 2.899999999999999911e+00 4.385415781374908395e-01 -6.276937446111213603e+02 -5.566500089528478838e+02 -5.566500089528478838e+02
5.900000000000000000e+02 2.950000000000000178e+00 4.731265538148820560e-01 -6.333046509310748888e+02 -5.566581492130640072e+02 -5.566581492130640072e+02
6.000000000000000000e+02 3.000000000000000000e+00 4.498830711932328419e-01 -6.295263920329897473e+02 -5.566453344996859869e+02 -5.566453344996859869e+02
6.100000000000000000e+02 3.050000000000000266e+00 4.470643824069677752e-01 -6.290786625882730050e+02 -5.566542326383441832e+02 -5.566542326383441832e+02
6.200000000000000000e+02 3.100000000000000089e+00 4.154861431966518359e-01 -6.239663068444000373e+02 -5.566575516465424016e+02 -5.566575516465424016e+02
6.300000000000000000e+02 3.149999999999999911e+00 3.977889496511797796e-01 -6.210863740358362293e+02 -5.566445641923451149e+02 -5.566445641923451149e+02
6.400000000000000000e+02 3.200000000000000178e+00 4.476873703333495436e-01 -6.291913846166553412e+02 -5.566660306226526700e+02 -5.566660306226526700e+02
6.500000000000000000e+02 3.250000000000000000e+00 4.178244556243504437e-01 -6.243401987472929022e+02 -5.566526369361481557e+02 -5.566526369361481557e+02
6.600000000000000000e+02 3.300000000000000266e+00 4.162578085594632049e-01 -6.240859694489147387e+02 -5.566522044622817020e+02 -5.566522044622817020e+02
6.700000000000000000e+02 3.350000000000000089e+00 4.418798640252915022e-01 -6.282367042314029959e+02 -5.566521662593057727e+02 -5.566521662593057727e+02
6.800000000000000000e+02 3.399999999999999911e+00 4.501344255748496170e-01 -6.295736751048607402e+02 -5.566518981617350619e+02 -5.566518981617350619e+02
6.900000000000000000e+02 3.450000000000000178e+00 4.120000926117977080e-01 -6.233888048809996008e+02 -5.566447898778883427e+02 -5.566447898778883427e+02
7.000000000000000000e+02 3.500000000000000000e+00 4.195840385098527636e-01 -6.246202852380775994e+02 -5.566476709994814200e+02 -5.566476709994814200e+02
7.100000000000000000e+02 3.550000000000000266e+00 4.488966823324580524e-01 -6.293859525373206907e+02 -5.566646899994624391e+02 -5.566646899994624391e+02
7.200000000000000000e+02 3.600000000000000089e+00 4.036624305258285084e-01 -6.220385294594952938e+02 -5.566452157143111208e+02 -5.566452157143111208e+02
7.300000000000000000e+02 3.649999999999999911e+00 4.369769145549426970e-01 -6.274515268588166919e+02 -5.566612667009160305e+02 -5.566612667009160305e+02
7.400000000000000000e+02 3.700000000000000178e+00 4.591358260848984463e-01 -6.310381717606132952e+02 -5.566581679348597618e+02 -5.566581679348597618e+02
7.500000000000000000e+02 3.750000000000000000e+00 4.424389479153734706e-01 -6.283245008693329510e+02 -5.566493913070424924e+02 -5.566493913070424924e+02
7.600000000000000000e+02 3.800000000000000266e+00 4.338866365593894714e-01 -6.269426514251277922e+02 -5.566530163025066713e+02 -5.566530163025066713e+02
7.700000000000000000e+02 3.850000000000000089e+00 4.302360538482819519e-01 -6.263487309612376066e+02 -5.566504902378159159e+02 -5.566504902378159159e+02
7.800000000000000000e+02 3.899999999999999911e+00 4.429083282629528995e-01 -6.284101414419978937e+02 -5.566589922633995684e+02 -5.566589922633995684e+02
7.900000000000000000e+02 3.950000000000000178e+00 4.093297817537809857e-01 -6.229607073694036217e+02 -5.566492827252910729e+02 -5.566492827252910729e+02
8.000000000000000000e+02 4.000000000000000000e+00 4.064242830060466050e-01 -6.224878711252938501e+02 -5.566471372783142897e+02 -5.566471372783142897e+02
8.100000000000000000e+02 4.049999999999999822e+00 4.642913102751256016e-01 -6.318796618971707630e+02 -5.566644696326004578e+02 -5.566644696326004578e+02
8.200000000000000000e+02 4.099999999999999645e+00 4.454700075996252395e-01 -6.288211713982638003e+02 -5.566550301671245506e+02 -5.566550301671245506e+02
8.300000000000000000e+02 4.150000000000000355e+00 4.092364125447560674e-01 -6.229380887253311130e+02 -5.566417898930806132e+02 -5.566417898930806132e+02
8.400000000000000000e+02 4.200000000000000178e+00 4.279973023261645637e-01 -6.259921166919881443e+02 -5.566565537151494709e+02 -5.566565537151494709e+02
8.500000000000000000e+02 4.250000000000000000e+00 4.235269971057550320e-01 -6.252647157807703024e+02 -5.566533422496379444e+02 -5.566533422496379444e+02
8.600000000000000000e+02 4.299999999999999822e+00 4.150479472584073792e-01 -6.238824172031162334e+02 -5.566446497472542205e+02 -5.566446497472542205e+02
8.700000000000000000e+02 4.350000000000000533e+00 4.415542693566869015e-01 -6.281971060205452204e+02 -5.566653143847619276e+02 -5.566653143847619276e+02
8.800000000000000000e+02 4.400000000000000355e+00 4.068012832649316457e-01 -6.225453815906761292e+02 -5.566435737017571910e+02 -5.566435737017571910e+02
8.900000000000000000e+02 4.450000000000000178e+00 4.176231389244394743e-01 -6.243156517025993253e+02 -5.566607031968401316e+02 -5.566607031968401316e+02
9.000000000000000000e+02 4.500000000000000000e+00 4.204122149175910650e-01 -6.247566016485297951e+02 -5.566498228318801011e+02 -5.566498228318801011e+02
9.100000000000000000e+02 4.549999999999999822e+00 4.395877606076371569e-01 -6.278715851886377095e+02 -5.566583679702005156e+02 -5.566583679702005156e+02
9.200000000000000000e+02 4.600000000000000533e+00 4.064872145508395263e-01 -6.224991875600895810e+02 -5.566482588028535474e+02 -5.566482588028535474e+02
9.300000000000000000e+02 4.650000000000000355e+00 4.109411751704910576e-01 -6.232270296751376009e+02 -5.566545592975180625e+02 -5.566545592975180625e+02
9.400000000000000000e+02 4.700000000000000178e+00 4.299389997203758584e-01 -6.263145803816134958e+02 -5.566644624269125643e+02 -5.566644624269125643e+02
9.500000000000000000e+02 4.750000000000000000e+00 4.163958498448420698e-01 -6.241159992627925703e+02 -5.566598715879281372e+02 -5.566598715879281372e+02
9.600000000000000000e+02 4.799999999999999822e+00 4.229613943964902756e-01 -6.251704883914237598e+02 -5.566507424991923472e+02 -5.566507424991923472e+02
9.700000000000000000e+02 4.850000000000000533e+00 4.492952018828035854e-01 -6.294408602618314035e+02 -5.566550375568172058e+02 -5.566550375568172058e+02
9.800000000000000000e+02 4.900000000000000355e+00 4.628324425434121592e-01 -6.316375295586593666e+02 -5.566586738666266001e+02 -5.566586738666266001e+02
9.900000000000000000e+02 4.950000000000000178e+00 4.371781907568920156e-01 -6.274714397677649913e+02 -5.566485728651484806e+02 -5.566485728651484806e+02
1.000000000000000000e+03 5.000000000000000000e+00 4.272171616253016002e-01 -6.258678380263215786e+02 -5.566586578430227519e+02 -5.566586578430227519e+02
1.010000000000000000e+03 5.049999999999999822e+00 4.140588122012785477e-01 -6.237263069591956537e+02 -5.566487793825884864e+02 -5.566487793825884864e+02
1.020000000000000000e+03 5.100000000000000533e+00 4.304584752676577919e-01 -6.263927973870864889e+02 -5.566585243937258838e+02 -5.566585243937258838e+02
1.030000000000000000e+03 5.150000000000000355e+00 4.201700641112715018e-01 -6.247135680216347282e+02 -5.566460176356087004e+02 -5.566460176356087004e+02
1.040000000000000000e+03 5.200000000000000178e+00 4.417033476364968236e-01 -6.282162539394984151e+02 -5.566603116223859615e+02 -5.566603116223859615e+02
1.050000000000000000e+03 5.250000000000000000e+00 3.983097316210020833e-01 -6.211791673950172026e+02 -5.566529908724148754e+02 -5.566529908724148754e+02
1.060000000000000000e+03 5.299999999999999822e+00 3.468389431737980977e-01 -6.128273498803047232e+02 -5.566394410861494180e+02 -5.566394410861494180e+02
1.070000000000000000e+03 5.350000000000000533e+00 3.882814642281785522e-01 -6.195571848250623361e+02 -5.566555876200974353e+02 -5.566555876200974353e+02
1.080000000000000000e+03 5.400000000000000355e+00 4.162352070898645007e-01 -6.240808999473963468e+02 -5.566507963988383381e+02 -5.566507963988383381e+02
1.090000000000000000e+03 5.450000000000000178e+00 4.326010562536442561e-01 -6.267282345458223745e+02 -5.566468634327320615e+02 -5.566468634327320615e+02
1.100000000000000000e+03 5.500000000000000000e+00 4.490430488115180196e-01 -6.293943402706158849e+02 -5.566493663631499658e+02 -5.566493663631499658e+02
1.110000000000000000e+03 5.549999999999999822e+00 4.544416881753144399e-01 -6.302701395995438816e+02 -5.566505861151429144e+02 -5.566505861151429144e+02
1.120000000000000000e+03 5.600000000000000533e+00 4.518516428297540966e-01 -6.298470233694321223e+02 -5.566470572310120133e+02 -5.566470572310120133e+02
1.130000000000000000e+03 5.650000000000000355e+00 4.457988252874437451e-01 -6.288630896786872881e+02 -5.566436799821213981e+02 -5.566436799821213981e+02
1.140000000000000000e+03 5.700000000000000178e+00 4.499563913199463583e-01 -6.295432724057604901e+02 -5.566503370119291958e+02 -5.566503370119291958e+02
1.150000000000000000e+03 5.750000000000000000e+00 4.237175908522627377e-01 -6.252877469511851132e+02 -5.566454972331185900e+02 -5.566454972331185900e+02
1.160000000000000000e+03 5.799999999999999822e+00 4.160195425872743047e-01 -6.240468499854291622e+02 -5.566516840862907429e+02 -5.566516840862907429e+02
1.170000000000000000e+03 5.850000000000000533e+00 4.214000613333683254e-01 -6.249168473626356217e+02 -5.566500374266299787e+02 -5.566500374266299787e+02
1.180000000000000000e+03 5.900000000000000355e+00 4.228730206421635329e-01 -6.251617564748383984e+02 -5.566563271308078811e+02 -5.566563271308078811e+02
1.190000000000000000e+03 5.950000000000000178e+00 4.177834725476504141e-01 -6.243265925965824863e+02 -5.566456700438631060e+02 -5.566456700438631060e+02
1.200000000000000000e+03 6.000000000000000000e+00 4.439351544271207262e-01 -6.285728110157065203e+02 -5.566553159985129469e+02 -5.566553159985129469e+02
1.210000000000000000e+03 6.049999999999999822e+00 4.239212039555911860e-01 -6.253214053967443533e+02 -5.566461703559385796e+02 -5.566461703559385796e+02
1.220000000000000000e+03 6.100000000000000533e+00 4.161240640431222437e-01 -6.240585398891361137e+02 -5.566464415141502968e+02 -5.566464415141502968e+02
1.230000000000000000e+03 6.150000000000000355e+00 4.384276569252463229e-01 -6.276700968284301325e+02 -5.566448164065402580e+02 -5.566448164065402580e+02
1.240000000000000000e+03 6.200000000000000178e+00 4.590778294283909822e-01 -6.310362810929473198e+02 -5.566656727255480064e+02 -5.566656727255480064e+02
1.250000000000000000e+03 6.250000000000000000e+00 4.282013825922286188e-01 -6.260160194935449454e+02 -5.566473955136038967e+02 -5.566473955136038967e+02
1.260000000000000000e+03 6.299999999999999822e+00 4.157850637892922530e-01 -6.240151092670737398e+02 -5.566579289332083817e+02 -5.566579289332083817e+02
1.270000000000000000e+03 6.350000000000000533e+00 4.088923680138616401e-01 -6.228870689389297013e+02 -5.566465053206841276e+02 -5.566465053206841276e+02
1.280000000000000000e+03 6.400000000000000355e+00 4.790895518512672813e-01 -6.342727645372812049e+02 -5.566602571373758792e+02 -5.566602571373758792e+02
1.290000000000000000e+03 6.450000000000000178e+00 4.711134680498754168e-01 -6.329670238735335488e+02 -5.566466420494537033e+02 -5.566466420494537033e+02
1.300000000000000000e+03 6.500000000000000000e+00 4.424774934681122152e-01 -6.283363915498090364e+02 -5.566550376079749185e+02 -5.566550376079749185e+02
1.310000000000000000e+03 6.549999999999999822e+00 4.143060063816179084e-01 -6.237624166072096159e+02 -5.566448435733875613e+02 -5.566448435733875613e+02
1.320000000000000000e+03 6.600000000000000533e+00 4.545056405100290076e-01 -6.302890145775966175e+02 -5.566591008149719073e+02 -5.566591008149719073e+02
1.330000000000000000e+03 6.650000000000000355e+00 4.387805602205833155e-01 -6.277297527065391023e+02 -5.566473019508046036e+02 -5.566473019508046036e+02
1.340000000000000000e+03 6.700000000000000178e+00 4.323567055521395086e-01 -6.266931978818712423e+02 -5.566514115824246574e+02 -5.566514115824246574e+02
1.350000000000000000e+03 6.750000000000000000e+00 4.481437953017581299e-01 -6.292561252329184072e+02 -5.566568303940335909e+02 -5.566568303940335909e+02
1.360000000000000000e+03 6.799999999999999822e+00 4.285193697684007152e-01 -6.260718510607383678e+02 -5.566517131582575075e+02 -5.566517131582575075e+02
1.370000000000000000e+03 6.850000000000000533e+00 4.134566885151798044e-01 -6.236369795249563595e+02 -5.566569959854972467e+02 -5.566569959854972467e+02
1.380000000000000000e+03 6.900000000000000355e+00 3.897546874077032486e-01 -6.197839239079291929e+02 -5.566436645478812579e+02 -5.566436645478812579e+02
1.390000000000000000e+03 6.950000000000000178e+00 4.168926454272623427e-01 -6.241835792842837236e+02 -5.566469707250672627e+02 -5.566469707250672627e+02
1.400000000000000000e+03 7.000000000000000000e+00 4.551303675440280805e-01 -6.303835773203391000e+02 -5.566524577782065535e+02 -5.566524577782065535e+02
1.410000000000000000e+03 7.049999999999999822e+00 4.400166171978900920e-01 -6.279306807442361560e+02 -5.566479887581779167e+02 -5.566479887581779167e+02
1.420000000000000000e+03 7.100000000000000533e+00 4.272682424138515844e-01 -6.258676900753338259e+02 -5.566502348042898802e+02 -5.566502348042898802e+02
1.430000000000000000e+03 7.150000000000000355e+00 4.123593075988605250e-01 -6.234480250574575848e+02 -5.566458172264422046e+02 -5.566458172264422046e+02
1.440000000000000000e+03 7.200000000000000178e+00 4.188301361044594606e-01 -6.245062433170769509e+02 -5.566557612681544924e+02 -5.566557612681544924e+02
1.450000000000000000e+03 7.250000000000000000e+00 4.031289422351482243e-01 -6.219378778682217899e+02 -5.566309892261277810e+02 -5.566309892261277810e+02
1.460000000000000000e+03 7.299999999999999822e+00 4.496366989014861093e-01 -6.294967814588549118e+02 -5.566556362368141890e+02 -5.566556362368141890e+02
1.470000000000000000e+03 7.350000000000000533e+00 4.509262233471566517e-01 -6.296932620582959999e+02 -5.566432138760566204e+02 -5.566432138760566204e+02
1.480000000000000000e+03 7.400000000000000355e+00 4.522174944431939791e-01 -6.299101881276880022e+02 -5.566509540278905206e+02 -5.566509540278905206e+02
1.490000000000000000e+03 7.450000000000000178e+00 4.294373747036228650e-01 -6.262156284932067365e+02 -5.566467737912198572e+02 -5.566467737912198572e+02
1.500000000000000000e+03 7.500000000000000000e+00 4.163500523479912174e-01 -6.240979758842451020e+02 -5.566492674038705673e+02 -5.566492674038705673e+02
1.510000000000000000e+03 7.549999999999999822e+00 4.144681431877083044e-01 -6.237853016169206057e+02 -5.566414624205118571e+02 -5.566414624205118571e+02
1.520000000000000000e+03 7.600000000000000533e+00 4.340235563629113447e-01 -6.269584644252714725e+02 -5.566466482944798599e+02 -5.566466482944798599e+02
1.530000000000000000e+03 7.650000000000000355e+00 4.499932086398674147e-01 -6.295495318730005465e+02 -5.566506320733419670e+02 -5.566506320733419670e+02
1.540000000000000000e+03 7.700000000000000178e+00 4.379444179459163200e-01 -6.275885993281118544e+02 -5.566416036208734113e+02 -5.566416036208734113e+02
1.550000000000000000e+03 7.750000000000000000e+00 4.262700225589723946e-01 -6.257077306380156188e+02 -5.566519869834620522e+02 -5.566519869834620522e+02
1.560000000000000000e+03 7.799999999999999822e+00 3.991704575163627089e-01 -6.213095487937470125e+02 -5.566439346760962508e+02 -5.566439346760962508e+02
1.570000000000000000e+03 7.850000000000000533e+00 3.981889936520106033e-01 -6.211568622808902091e+02 -5.566502453092645055e+02 -5.566502453092645055e+02
1.580000000000000000e+03 7.900000000000000355e+00 3.997686047663663866e-01 -6.214142729512534515e+02 -5.566517589791020555e+02 -5.566517589791020555e+02
1.590000000000000000e+03 7.950000000000000178e+00 4.126430991311653140e-01 -6.234891762011184255e+02 -5.566409941418696690e+02 -5.566409941418696690e+02
1.600000000000000000e+03 8.000000000000000000e+00 4.312506371985038167e-01 -6.265153615508053235e+02 -5.566527583246477207e+02 -5.566527583246477207e+02
1.610000000000000000e+03 8.050000000000000711e+00 4.258401938069976689e-01 -6.256276730321060313e+02 -5.566415616353724545e+02 -5.566415616353724545e+02
1.620000000000000000e+03 8.099999999999999645e+00 4.608556309316663158e-01 -6.313149414821274377e+02 -5.566563292711974782e+02 -5.566563292711974782e+02
1.630000000000000000e+03 8.150000000000000355e+00 4.221524272399143074e-01 -6.250241692494324752e+02 -5.566354760365663878e+02 -5.566354760365663878e+02
1.640000000000000000e+03 8.199999999999999289e+00 4.282141450857621656e-01 -6.260086589049691383e+02 -5.566379674010756844e+02 -5.566379674010756844e+02
1.650000000000000000e+03 8.250000000000000000e+00 4.463069907246866586e-01 -6.289450887935904575e+02 -5.566433562961912003e+02 -5.566433562961912003e+02
1.660000000000000000e+03 8.300000000000000711e+00 4.451286046055297763e-01 -6.287618081326479569e+02 -5.566509741865521619e+02 -5.566509741865521619e+02
1.670000000000000000e+03 8.349999999999999645e+00 4.231987660138456508e-01 -6.252027733794068354e+02 -5.566445732851638013e+02 -5.566445732851638013e+02
1.680000000000000000e+03 8.400000000000000355e+00 4.171747354747768477e-01 -6.242186344355571919e+02 -5.566363272886433151e+02 -5.566363272886433151e+02
1.690000000000000000e+03 8.449999999999999289e+00 4.291981862720579688e-01 -6.261842267982005978e+02 -5.566541206221272660e+02 -5.566541206221272660e+02
1.700000000000000000e+03 8.500000000000000000e+00 4.012769834986084638e-01 -6.216404435617166655e+02 -5.566335722349421076e+02 -5.566335722349421076e+02
1.710000000000000000e+03 8.550000000000000711e+00 4.340289312894253793e-01 -6.269582418681001172e+02 -5.566455549992132319e+02 -5.566455549992132319e+02
1.720000000000000000e+03 8.599999999999999645e+00 4.270821832257113981e-01 -6.258324878555386022e+02 -5.566451741729733840e+02 -5.566451741729733840e+02
1.730000000000000000e+03 8.650000000000000355e+00 3.994614648675459123e-01 -6.213548353718736053e+02 -5.566420780633311551e+02 -5.566420780633311551e+02
1.740000000000000000e+03 8.700000000000001066e+00 4.088223614075275347e-01 -6.228732451333418112e+02 -5.566440225853223183e+02 -5.566440225853223183e+02
1.750000000000000000e+03 8.750000000000000000e+00 4.299799144917619276e-01 -6.262939064578949910e+02 -5.566371603102295467e+02 -5.566371603102295467e+02
1.760000000000000000e+03 8.800000000000000711e+00 4.704395595041034883e-01 -6.328672824527362764e+02 -5.566560738130715436e+02 -5.566560738130715436e+02
1.770000000000000000e+03 8.849999999999999645e+00 4.344401818593907061e-01 -6.270305531190465445e+02 -5.566512436578252618e+02 -5.566512436578252618e+02
1.780000000000000000e+03 8.900000000000000355e+00 4.053823872714674148e-01 -6.223106716308951718e+02 -5.566387248929174802e+02 -5.566387248929174802e+02
1.790000000000000000e+03 8.950000000000001066e+00 4.497846806660263375e-01 -6.295202612497550945e+02 -5.566551429818588304e+02 -5.566551429818588304e+02
1.800000000000000000e+03 9.000000000000000000e+00 4.464811359388204393e-01 -6.289698024297055099e+02 -5.566398584076166571e+02 -5.566398584076166571e+02
1.810000000000000000e+03 9.050000000000000711e+00 4.577250505200765041e-01 -6.307975180678787410e+02 -5.566460598836263216e+02 -5.566460598836263216e+02
1.820000000000000000e+03 9.099999999999999645e+00 4.605927359326441595e-01 -6.312681914807434396e+02 -5.566521682596551273e+02 -5.566521682596551273e+02
1.830000000000000000e+03 9.150000000000000355e+00 4.122110773787278082e-01 -6.234276157682735402e+02 -5.566494212329196216e+02 -5.566494212329196216e+02
1.840000000000000000e+03 9.200000000000001066e+00 4.147095624186560858e-01 -6.238407987322054851e+02 -5.566578496203832174e+02 -5.566578496203832174e+02
1.850000000000000000e+03 9.250000000000000000e+00 4.308446459165662934e-01 -6.264433023250966244e+02 -5.566464696866129316e+02 -5.566464696866129316e+02
1.860000000000000000e+03 9.300000000000000711e+00 4.337614667275515590e-01 -6.269236358096356980e+02 -5.566542781997723068e+02 -5.566542781997723068e+02
1.870000000000000000e+03 9.349999999999999645e+00 4.170235005098830161e-01 -6.242084596074832916e+02 -5.566506525248822754e+02 -5.566506525248822754e+02
1.880000000000000000e+03 9.400000000000000355e+00 4.114712542265949735e-01 -6.232977657399940199e+02 -5.566394225552855914e+02 -5.566394225552855914e+02
1.890000000000000000e+03 9.450000000000001066e+00 4.542629263245294147e-01 -6.302375834034660329e+02 -5.566469893388922401e+02 -5.566469893388922401e+02
1.900000000000000000e+03 9.500000000000000000e+00 4.692274227951735988e-01 -6.326596101350338586e+02 -5.566447676422156974e+02 -5.566447676422156974e+02
1.910000000000000000e+03 9.550000000000000711e+00 4.275178439777919670e-01 -6.258997121130638561e+02 -5.566418213886615831e+02 -5.566418213886615831e+02
1.920000000000000000e+03 9.599999999999999645e+00 4.061659287437152099e-01 -6.224539713817406437e+02 -5.566550909252587189e+02 -5.566550909252587189e+02
1.930000000000000000e+03 9.650000000000000355e+00 4.038667105453033201e-01 -6.220634872174840666e+02 -5.566370801091449039e+02 -5.566370801091449039e+02
1.940000000000000000e+03 9.700000000000001066e+00 4.298195057936111674e-01 -6.262783943149707966e+02 -5.566476343764057901e+02 -5.566476343764057901e+02
1.950000000000000000e+03 9.750000000000000000e+00 4.366446961362270285e-01 -6.273758589874180416e+02 -5.566394182133492450e+02 -5.566394182133492450e+02
1.960000000000000000e+03 9.800000000000000711e+00 4.563513300042638665e-01 -6.305782583216691819e+02 -5.566493428609784360e+02 -5.566493428609784360e+02
1.970000000000000000e+03 9.849999999999999645e+00 4.275697219247799330e-01 -6.259131923158874997e+02 -5.566468973640731974e+02 -5.566468973640731974e+02
1.980000000000000000e+03 9.900000000000000355e+00 4.221948029824361126e-01 -6.250390674471711918e+02 -5.566435093640164951e+02 -5.566435093640164951e+02
1.990000000000000000e+03 9.950000000000001066e+00 4.595473096322950091e-01 -6.310953961948140432e+02 -5.566487320343821921e+02 -5.566487320343821921e+02
2.000000000000000000e+03 1.000000000000000000e+01 4.639452815816426656e-01 -6.318058636870903229e+02 -5.566467280708642420e+02 -5.566467280708642420e+02
