1.000000000000000000e+01 5.000000000000000278e-02 8.810070732893816592e-01 -6.504248755517103291e+02 -5.077017296788304748e+02 -5.077017296788304748e+02
2.000000000000000000e+01 1.000000000000000056e-01 4.820219084035433643e-01 -5.856866041707604609e+02 -5.075990550093864613e+02 -5.075990550093864613e+02
3.000000000000000000e+01 1.499999999999999944e-01 4.892165865594333973e-01 -5.868961006566403285e+02 -5.076430136340121066e+02 -5.076430136340121066e+02
4.000000000000000000e+01 2.000000000000000111e-01 5.240519759944660683e-01 -5.925390377937034145e+02 -5.076426176825999050e+02 -5.076426176825999050e+02
5.000000000000000000e+01 2.500000000000000000e-01 5.843198383319804234e-01 -6.023136068207326161e+02 -5.076537930109518015e+02 -5.076537930109518015e+02
6.000000000000000000e+01 2.999999999999999889e-01 5.599711827800111230e-01 -5.983595800181474260e+02 -5.076442484077856534e+02 -5.076442484077856534e+02
7.000000000000000000e+01 3.500000000000000333e-01 5.484643712472452304e-01 -5.964978859253633345e+02 -5.076466577833095926e+02 -5.076466577833095926e+02
8.000000000000000000e+01 4.000000000000000222e-01 5.507443017702077226e-01 -5.968588720984550946e+02 -5.076382952116814522e+02 -5.076382952116814522e+02
9.000000000000000000e+01 4.500000000000000111e-01 5.486190362697109801e-01 -5.965420483316553373e+02 -5.076657644559621758e+02 -5.076657644559621758e+02
1.000000000000000000e+02 5.000000000000000000e-01 4.805337547068910808e-01 -5.854488205530384448e+02 -5.076023522905221057e+02 -5.076023522905221057e+02
1.100000000000000000e+02 5.500000000000000444e-01 5.765289428255527815e-01 -6.010601705453465229e+02 -5.076624818076069801e+02 -5.076624818076069801e+02
1.200000000000000000e+02 5.999999999999999778e-01 5.877305566395620851e-01 -6.028584343832449122e+02 -5.076460842076358517e+02 -5.076460842076358517e+02
1.300000000000000000e+02 6.500000000000000222e-01 5.959815080526430497e-01 -6.041906471564809635e+02 -5.076416428519527813e+02 -5.076416428519527813e+02
1.400000000000000000e+02 7.000000000000000666e-01 5.712108824658681527e-01 -6.001797483137441986e+02 -5.076435853542735686e+02 -5.076435853542735686e+02
1.500000000000000000e+02 7.500000000000000000e-01 5.420322513950142085e-01 -5.954372062409814816e+02 -5.076279815149891874e+02 -5.076279815149891874e+02
1.600000000000000000e+02 8.000000000000000444e-01 6.444315597698585529e-01 -6.120540490058436944e+02 -5.076561363231265886e+02 -5.076561363231265886e+02
1.700000000000000000e+02 8.499999999999999778e-01 6.435432763603659012e-01 -6.118964606688663252e+02 -5.076424498984870297e+02 -5.076424498984870297e+02
1.800000000000000000e+02 9.000000000000000222e-01 5.957201799982738688e-01 -6.041482840320911691e+02 -5.076416148723708375e+02 -5.076416148723708375e+02
1.900000000000000000e+02 9.500000000000000666e-01 6.075823073255910423e-01 -6.060712247019503138e+02 -5.076428909152045890e+02 -5.076428909152045890e+02
2.000000000000000000e+02 1.000000000000000000e+00 6.273016485818062593e-01 -6.092765083060485267e+02 -5.076536412357959307e+02 -5.076536412357959307e+02
2.100000000000000000e+02 1.050000000000000044e+00 5.543574168605576169e-01 -5.974332769951502087e+02 -5.076273754637398952e+02 -5.076273754637398952e+02
2.200000000000000000e+02 1.100000000000000089e+00 5.651779099166612808e-01 -5.992089729295749976e+02 -5.076501515230758628e+02 -5.076501515230758628e+02
2.300000000000000000e+02 1.150000000000000133e+00 6.236578747156651392e-01 -6.086776191184920890e+02 -5.076450434145543227e+02 -5.076450434145543227e+02
2.400000000000000000e+02 1.199999999999999956e+00 6.633389094925687957e-01 -6.151128285664656232e+02 -5.076519252286694837e+02 -5.076519252286694837e+02
2.500000000000000000e+02 1.250000000000000000e+00 6.248761741177288886e-01 -6.088576063720513503e+02 -5.076276661649792459e+02 -5.076276661649792459e+02
2.600000000000000000e+02 1.300000000000000044e+00 6.246660172761250296e-01 -6.088363660295315185e+02 -5.076404712307992781e+02 -5.076404712307992781e+02
2.700000000000000000e+02 1.350000000000000089e+00 5.939899725913810880e-01 -6.038633446004888583e+02 -5.076369690406851305e+02 -5.076369690406851305e+02
2.800000000000000000e+02 1.400000000000000133e+00 6.143515871409090945e-01 -6.071641511856789748e+02 -5.076391940688516797e+02 -5.076391940688516797e+02
2.900000000000000000e+02 1.449999999999999956e+00 6.138232221079623629e-01 -6.070659910733800189e+02 -5.076266290918900950e+02 -5.076266290918900950e+02
3.000000000000000000e+02 1.500000000000000000e+00 5.835437485696018944e-01 -6.021778914405915657e+02 -5.076438041723160381e+02 -5.076438041723160381e+02
3.100000000000000000e+02 1.550000000000000044e+00 5.256803368568940815e-01 -5.927949218638738103e+02 -5.076347072930569766e+02 -5.076347072930569766e+02
3.200000000000000000e+02 1.600000000000000089e+00 5.382853770431115237e-01 -5.948558865534920415e+02 -5.076536554725079782e+02 -5.076536554725079782e+02
3.300000000000000000e+02 1.650000000000000133e+00 5.659726862528400293e-01 -5.993416032816136294e+02 -5.076540281086535629e+02 -5.076540281086535629e+02
3.400000000000000000e+02 1.699999999999999956e+00 6.219458206638790454e-01 -6.084014048607491532e+02 -5.076461819132007349e+02 -5.076461819132007349e+02
3.500000000000000000e+02 1.750000000000000000e+00 6.098400492022749697e-01 -6.064271662916954710e+02 -5.076330783209269271e+02 -5.076330783209269271e+02
3.600000000000000000e+02 1.800000000000000044e+00 6.160146648611574127e-01 -6.074389060475151609e+02 -5.076445303400076909e+02 -5.076445303400076909e+02
3.700000000000000000e+02 1.850000000000000089e+00 6.165959389879762664e-01 -6.075330719912299173e+02 -5.076445298751777955e+02 -5.076445298751777955e+02
3.800000000000000000e+02 1.900000000000000133e+00 6.038291184157150715e-01 -6.054566266931011569e+02 -5.076363095097552787e+02 -5.076363095097552787e+02
3.900000000000000000e+02 1.949999999999999956e+00 6.016142731052700476e-01 -6.051050793097614360e+02 -5.076435670667077034e+02 -5.076435670667077034e+02
4.000000000000000000e+02 2.000000000000000000e+00 5.951309444316382757e-01 -6.040362077003958348e+02 -5.076249947024704170e+02 -5.076249947024704170e+02
4.100000000000000000e+02 2.049999999999999822e+00 6.114199689074295563e-01 -6.066947344938722608e+02 -5.076446995308687065e+02 -5.076446995308687065e+02
4.200000000000000000e+02 2.100000000000000089e+00 5.507354206770374017e-01 -5.968359771352584175e+02 -5.076168389855783403e+02 -5.076168389855783403e+02
4.300000000000000000e+02 2.149999999999999911e+00 5.795022139522790772e-01 -6.015286766354273595e+02 -5.076493179751581692e+02 -5.076493179751581692e+02
4.400000000000000000e+02 2.200000000000000178e+00 5.455370031140696074e-01 -5.960072430733841884e+02 -5.076302485689049035e+02 -5.076302485689049035e+02
4.500000000000000000e+02 2.250000000000000000e+00 5.621142884559666708e-01 -5.987095889356883163e+02 -5.076470742058216956e+02 -5.076470742058216956e+02
4.600000000000000000e+02 2.300000000000000266e+00 5.720779219666417559e-01 -6.003119620213534517e+02 -5.076353386627574764e+02 -5.076353386627574764e+02
4.700000000000000000e+02 2.350000000000000089e+00 6.079167764817748898e-01 -6.061229171812869936e+02 -5.076403993912394981e+02 -5.076403993912394981e+02
4.800000000000000000e+02 2.399999999999999911e+00 5.859924274024446156e-01 -6.025493634791178010e+02 -5.076185902399217866e+02 -5.076185902399217866e+02
4.900000000000000000e+02 2.450000000000000178e+00 6.291029274462159870e-01 -6.095769127594974179e+02 -5.076622385132104114e+02 -5.076622385132104114e+02
5.000000000000000000e+02 2.500000000000000000e+00 6.019775840282159951e-01 -6.051487887833394552e+02 -5.076284201707684360e+02 -5.076284201707684360e+02
5.100000000000000000e+02 2.550000000000000266e+00 6.150134148918162680e-01 -6.072677706207635993e+02 -5.076355974082893567e+02 -5.076355974082893567e+02
5.200000000000000000e+02 2.600000000000000089e+00 6.414535060441312053e-01 -6.115597359416958625e+02 -5.076442679625466212e+02 -5.076442679625466212e+02
5.300000000000000000e+02 2.649999999999999911e+00 6.152722749651460266e-01 -6.073177668167393222e+02 -5.076436582723856645e+02 -5.076436582723856645e+02
5.400000000000000000e+02 2.700000000000000178e+00 6.230826102474212869e-01 -6.085888174232630945e+02 -5.076494345631808756e+02 -5.076494345631808756e+02
5.500000000000000000e+02 2.750000000000000000e+00 6.228981639355193334e-01 -6.085381760354561038e+02 -5.076286734779019980e+02 -5.076286734779019980e+02
5.600000000000000000e+02 2.800000000000000266e+00 6.077953768877739638e-01 -6.061124528553156097e+02 -5.076496017994962244e+02 -5.076496017994962244e+02
5.700000000000000000e+02 2.850000000000000089e+00 5.805469305831107985e-01 -6.016753818169399892e+02 -5.076267790624760323e+02 -5.076267790624760323e+02
5.800000000000000000e+02 2.899999999999999911e+00 6.097707200104082181e-01 -6.064338823665816562e+02 -5.076510257248955327e+02 -5.076510257248955327e+02
5.900000000000000000e+02 2.950000000000000178e+00 5.642334466026872608e-01 -5.990406699990879815e+02 -5.076348516494526280e+02 -5.076348516494526280e+02
6.000000000000000000e+02 3.000000000000000000e+00 5.403428471810675093e-01 -5.951763030693548444e+02 -5.076407618260219010e+02 -5.076407618260219010e+02
6.100000000000000000e+02 3.050000000000000266e+00 5.132954032251297871e-01 -5.907823664394790057e+02 -5.076285111170079745e+02 -5.076285111170079745e+02
6.200000000000000000e+02 3.100000000000000089e+00 5.743424027233603457e-01 -6.006991219817991805e+02 -5.076556527406148120e+02 -5.076556527406148120e+02
6.300000000000000000e+02 3.149999999999999911e+00 5.835485103926473238e-01 -6.021804428029491874e+02 -5.076455841193403558e+02 -5.076455841193403558e+02
6.400000000000000000e+02 3.200000000000000178e+00 5.747033738366631450e-01 -6.007302909877114416e+02 -5.076283444261720206e+02 -5.076283444261720206e+02
6.500000000000000000e+02 3.250000000000000000e+00 6.137617059553155396e-01 -6.070697945757244725e+02 -5.076403982109633262e+02 -5.076403982109633262e+02
6.600000000000000000e+02 3.300000000000000266e+00 6.216255335528363402e-01 -6.083350075906745360e+02 -5.076316711551150433e+02 -5.076316711551150433e+02
6.700000000000000000e+02 3.350000000000000089e+00 6.451749676631015618e-01 -6.121743312346916355e+02 -5.076559864732691949e+02 -5.076559864732691949e+02
6.800000000000000000e+02 3.399999999999999911e+00 6.106078416467829451e-01 -6.065507577966287727e+02 -5.076322874498499687e+02 -5.076322874498499687e+02
6.900000000000000000e+02 3.450000000000000178e+00 6.324011199190658905e-01 -6.100955472501409531e+02 -5.076465658232522742e+02 -5.076465658232522742e+02
7.000000000000000000e+02 3.500000000000000000e+00 6.269590052704164806e-01 -6.092108910168690272e+02 -5.076435321630615363e+02 -5.076435321630615363e+02
7.100000000000000000e+02 3.550000000000000266e+00 5.923507557157667858e-01 -6.036075594850623247e+02 -5.076467370591080908e+02 -5.076467370591080908e+02
7.200000000000000000e+02 3.600000000000000089e+00 5.718928596945673792e-01 -6.002997386645470215e+02 -5.076530953940271047e+02 -5.076530953940271047e+02
7.300000000000000000e+02 3.649999999999999911e+00 5.785710731173289156e-01 -6.013803746378699771e+02 -5.076518607928626921e+02 -5.076518607928626921e+02
7.400000000000000000e+02 3.700000000000000178e+00 5.509505026464732724e-01 -5.968993217815145726e+02 -5.076453403527859223e+02 -5.076453403527859223e+02
7.500000000000000000e+02 3.750000000000000000e+00 5.841744795865165818e-01 -6.022927694709758271e+02 -5.076565037779601539e+02 -5.076565037779601539e+02
7.600000000000000000e+02 3.800000000000000266e+00 6.171904737086983950e-01 -6.076352310317331558e+02 -5.076503742909239918e+02 -5.076503742909239918e+02
7.700000000000000000e+02 3.850000000000000089e+00 5.734901699965349042e-01 -6.005768020437394625e+02 -5.076713945043007925e+02 -5.076713945043007925e+02
7.800000000000000000e+02 3.899999999999999911e+00 5.178529626014672926e-01 -5.915390424589946861e+02 -5.076468625175569969e+02 -5.076468625175569969e+02
7.900000000000000000e+02 3.950000000000000178e+00 5.612486602997203144e-01 -5.985734315092926181e+02 -5.076511485407379496e+02 -5.076511485407379496e+02
8.000000000000000000e+02 4.000000000000000000e+00 5.932084695137991304e-01 -6.037473873893776499e+02 -5.076476153281421944e+02 -5.076476153281421944e+02
8.100000000000000000e+02 4.049999999999999822e+00 6.236475233837898147e-01 -6.086793568760130029e+02 -5.076484580878390602e+02 -5.076484580878390602e+02
8.200000000000000000e+02 4.099999999999999645e+00 6.486871425732327889e-01 -6.127411373097563683e+02 -5.076538202128926400e+02 -5.076538202128926400e+02
8.300000000000000000e+02 4.150000000000000355e+00 6.085757934063086294e-01 -6.062291186106875784e+02 -5.076398400788655749e+02 -5.076398400788655749e+02
8.400000000000000000e+02 4.200000000000000178e+00 6.038534362998757565e-01 -6.054897203961542118e+02 -5.076654637155743330e+02 -5.076654637155743330e+02
8.500000000000000000e+02 4.250000000000000000e+00 5.704317192146096671e-01 -6.000449329138476742e+02 -5.076349944010809168e+02 -5.076349944010809168e+02
8.600000000000000000e+02 4.299999999999999822e+00 5.922094003789171168e-01 -6.035848254455661390e+02 -5.076469025841815892e+02 -5.076469025841815892e+02
8.700000000000000000e+02 4.350000000000000533e+00 5.918433471689547032e-01 -6.035332455375820473e+02 -5.076546232962114118e+02 -5.076546232962114118e+02
8.800000000000000000e+02 4.400000000000000355e+00 5.789661893228517098e-01 -6.014403786097469720e+02 -5.076478559394449803e+02 -5.076478559394449803e+02
8.900000000000000000e+02 4.450000000000000178e+00 6.250047782377197159e-01 -6.089223478651516643e+02 -5.076715737906410482e+02 -5.076715737906410482e+02
9.000000000000000000e+02 4.500000000000000000e+00 6.051545309446948462e-01 -6.056827102188638037e+02 -5.076476762058232453e+02 -5.076476762058232453e+02
9.100000000000000000e+02 4.549999999999999822e+00 5.971966721105071985e-01 -6.043994737460312763e+02 -5.076536128641291157e+02 -5.076536128641291157e+02
9.200000000000000000e+02 4.600000000000000533e+00 5.922377924955972706e-01 -6.035988306043868761e+02 -5.076563082201001293e+02 -5.076563082201001293e+02
9.300000000000000000e+02 4.650000000000000355e+00 6.000779588437534784e-01 -6.048698685635148422e+02 -5.076572392308268036e+02 -5.076572392308268036e+02
9.400000000000000000e+02 4.700000000000000178e+00 5.925577952371160473e-01 -6.036548745948509804e+02 -5.076605117664381623e+02 -5.076605117664381623e+02
9.500000000000000000e+02 4.750000000000000000e+00 6.127116680193830378e-01 -6.069049585189969775e+02 -5.076456682998569363e+02 -5.076456682998569363e+02
9.600000000000000000e+02 4.799999999999999822e+00 6.433253780248086029e-01 -6.118608190064247765e+02 -5.076421077664057862e+02 -5.076421077664057862e+02
9.700000000000000000e+02 4.850000000000000533e+00 6.093103456101933713e-01 -6.063710937326355861e+02 -5.076628177437842737e+02 -5.076628177437842737e+02
9.800000000000000000e+02 4.900000000000000355e+00 5.898148865769060611e-01 -6.031913014451886283e+02 -5.076412898197298773e+02 -5.076412898197298773e+02
9.900000000000000000e+02 4.950000000000000178e+00 6.315176520692366013e-01 -6.099519766250411976e+02 -5.076461169898248613e+02 -5.076461169898248613e+02
1.000000000000000000e+03 5.000000000000000000e+00 6.066009854505697296e-01 -6.059147581251058909e+02 -5.076453984821135919e+02 -5.076453984821135919e+02
1.010000000000000000e+03 5.049999999999999822e+00 5.692770933079100981e-01 -5.998557775595638759e+02 -5.076328884436824183e+02 -5.076328884436824183e+02
1.020000000000000000e+03 5.100000000000000533e+00 5.941384185151995512e-01 -6.038974171174993444e+02 -5.076469933180370049e+02 -5.076469933180370049e+02
1.030000000000000000e+03 5.150000000000000355e+00 6.280148143986017395e-01 -6.093919201023633150e+02 -5.076535201697898287e+02 -5.076535201697898287e+02
1.040000000000000000e+03 5.200000000000000178e+00 5.793378878037086510e-01 -6.015082140169350851e+02 -5.076554761927342838e+02 -5.076554761927342838e+02
1.050000000000000000e+03 5.250000000000000000e+00 5.569919158893685829e-01 -5.978820369095434444e+02 -5.076493465354657246e+02 -5.076493465354657246e+02
1.060000000000000000e+03 5.299999999999999822e+00 5.720222565956526450e-01 -6.003239133223453337e+02 -5.076563077538496032e+02 -5.076563077538496032e+02
1.070000000000000000e+03 5.350000000000000533e+00 5.291359702273344956e-01 -5.933530869230952476e+02 -5.076330597462670653e+02 -5.076330597462670653e+02
1.080000000000000000e+03 5.400000000000000355e+00 6.012071274321970638e-01 -6.050623101528709640e+02 -5.076667555088550330e+02 -5.076667555088550330e+02
1.090000000000000000e+03 5.450000000000000178e+00 5.728641273276889878e-01 -6.004401790244211270e+02 -5.076361903973354970e+02 -5.076361903973354970e+02
1.100000000000000000e+03 5.500000000000000000e+00 5.884744949401027325e-01 -6.029950520520088730e+02 -5.076621838717122159e+02 -5.076621838717122159e+02
1.110000000000000000e+03 5.549999999999999822e+00 5.779885885702559234e-01 -6.012702659257607820e+02 -5.076361145773793169e+02 -5.076361145773793169e+02
1.120000000000000000e+03 5.600000000000000533e+00 6.093959965394067924e-01 -6.063826930840532441e+02 -5.076605416446693653e+02 -5.076605416446693653e+02
1.130000000000000000e+03 5.650000000000000355e+00 5.777084057758272717e-01 -6.012117645500198932e+02 -5.076230028143359050e+02 -5.076230028143359050e+02
1.140000000000000000e+03 5.700000000000000178e+00 6.381361708560168156e-01 -6.110548604636811660e+02 -5.076768007850064350e+02 -5.076768007850064350e+02
1.150000000000000000e+03 5.750000000000000000e+00 5.245582343132670911e-01 -5.925924650762273131e+02 -5.076140311174780209e+02 -5.076140311174780209e+02
1.160000000000000000e+03 5.799999999999999822e+00 5.730160263120139819e-01 -6.004841229542614656e+02 -5.076555266917151812e+02 -5.076555266917151812e+02
1.170000000000000000e+03 5.850000000000000533e+00 6.021936766538684704e-01 -6.052099041040537486e+02 -5.076545284861270488e+02 -5.076545284861270488e+02
1.180000000000000000e+03 5.900000000000000355e+00 5.476156039319463043e-01 -5.963561582799147800e+02 -5.076424304429394851e+02 -5.076424304429394851e+02
1.190000000000000000e+03 5.950000000000000178e+00 5.807982638622204430e-01 -6.017505168920213237e+02 -5.076611981463416328e+02 -5.076611981463416328e+02
1.200000000000000000e+03 6.000000000000000000e+00 5.946491133861742107e-01 -6.039594530385488724e+02 -5.076262966699886192e+02 -5.076262966699886192e+02
1.210000000000000000e+03 6.049999999999999822e+00 5.973507263215444008e-01 -6.044324700476579437e+02 -5.076616523835677413e+02 -5.076616523835677413e+02
1.220000000000000000e+03 6.100000000000000533e+00 5.599997007990777931e-01 -5.983467523319289967e+02 -5.076268008024783853e+02 -5.076268008024783853e+02
1.230000000000000000e+03 6.150000000000000355e+00 6.569842964643811678e-01 -6.140966502229132402e+02 -5.076651941956835117e+02 -5.076651941956835117e+02
1.240000000000000000e+03 6.200000000000000178e+00 6.167864760768606569e-01 -6.075516561180944564e+02 -5.076322469936430366e+02 -5.076322469936430366e+02
1.250000000000000000e+03 6.250000000000000000e+00 6.133204298339325344e-01 -6.070134489703967802e+02 -5.076555393372997287e+02 -5.076555393372997287e+02
1.260000000000000000e+03 6.299999999999999822e+00 6.396321786530184683e-01 -6.112767557630802457e+02 -5.076563428212912754e+02 -5.076563428212912754e+02
1.270000000000000000e+03 6.350000000000000533e+00 6.527095839627251594e-01 -6.133953086385314464e+02 -5.076563560365699459e+02 -5.076563560365699459e+02
1.280000000000000000e+03 6.400000000000000355e+00 6.211922536177021392e-01 -6.082766277574143032e+02 -5.076434826713465327e+02 -5.076434826713465327e+02
1.290000000000000000e+03 6.450000000000000178e+00 6.150976484075834083e-01 -6.073126679138957797e+02 -5.076668488718672734e+02 -5.076668488718672734e+02
1.300000000000000000e+03 6.500000000000000000e+00 5.627902156841186887e-01 -5.988212940549890391e+02 -5.076492791141618000e+02 -5.076492791141618000e+02
1.310000000000000000e+03 6.549999999999999822e+00 6.158695614985119082e-01 -6.074519661928159167e+02 -5.076810972300569915e+02 -5.076810972300569915e+02
1.320000000000000000e+03 6.600000000000000533e+00 5.632107343841700198e-01 -5.988817219139926920e+02 -5.076415829437571574e+02 -5.076415829437571574e+02
1.330000000000000000e+03 6.650000000000000355e+00 5.657707859961820240e-01 -5.992996316291192898e+02 -5.076447642977378223e+02 -5.076447642977378223e+02
1.340000000000000000e+03 6.700000000000000178e+00 5.901507947766545525e-01 -6.032703818639527071e+02 -5.076659531101346374e+02 -5.076659531101346374e+02
1.350000000000000000e+03 6.750000000000000000e+00 5.701701354606383276e-01 -6.000112592844143364e+02 -5.076436973397909469e+02 -5.076436973397909469e+02
1.360000000000000000e+03 6.799999999999999822e+00 6.010106346724879423e-01 -6.050164041366679157e+02 -5.076526813197248771e+02 -5.076526813197248771e+02
1.370000000000000000e+03 6.850000000000000533e+00 5.662507673277831222e-01 -5.993685314550193652e+02 -5.076359071479184877e+02 -5.076359071479184877e+02
1.380000000000000000e+03 6.900000000000000355e+00 5.848724593193037613e-01 -6.024122404692732289e+02 -5.076629020595460133e+02 -5.076629020595460133e+02
1.390000000000000000e+03 6.950000000000000178e+00 5.476831608365066995e-01 -5.963782203745263359e+02 -5.076535483190122591e+02 -5.076535483190122591e+02
1.400000000000000000e+03 7.000000000000000000e+00 5.548683846316193602e-01 -5.975352692462555524e+02 -5.076465909359332045e+02 -5.076465909359332045e+02
1.410000000000000000e+03 7.049999999999999822e+00 5.753764542733535992e-01 -6.008569878709572549e+02 -5.076460022786739614e+02 -5.076460022786739614e+02
1.420000000000000000e+03 7.100000000000000533e+00 5.710424904675408531e-01 -6.001599440381028217e+02 -5.076510605823611968e+02 -5.076510605823611968e+02
1.430000000000000000e+03 7.150000000000000355e+00 6.083258940433443618e-01 -6.061999405178773941e+02 -5.076511456828555993e+02 -5.076511456828555993e+02
1.440000000000000000e+03 7.200000000000000178e+00 6.127076189162002917e-01 -6.069081442297947433e+02 -5.076495099653702709e+02 -5.076495099653702709e+02
1.450000000000000000e+03 7.250000000000000000e+00 5.996258038329359552e-01 -6.047936423398446095e+02 -5.076542621189090028e+02 -5.076542621189090028e+02
1.460000000000000000e+03 7.299999999999999822e+00 5.964278041007876618e-01 -6.042663777252017780e+02 -5.076450734608741868e+02 -5.076450734608741868e+02
1.470000000000000000e+03 7.350000000000000533e+00 6.469705980148994229e-01 -6.124711257386082934e+02 -5.076618888601946082e+02 -5.076618888601946082e+02
1.480000000000000000e+03 7.400000000000000355e+00 6.435374978604303520e-01 -6.119120840532813190e+02 -5.076590093998916018e+02 -5.076590093998916018e+02
1.490000000000000000e+03 7.450000000000000178e+00 6.141094644257756308e-01 -6.071270105898669271e+02 -5.076412773528912794e+02 -5.076412773528912794e+02
1.500000000000000000e+03 7.500000000000000000e+00 6.200441018191855669e-01 -6.081103784677309250e+02 -5.076632339730228978e+02 -5.076632339730228978e+02
1.510000000000000000e+03 7.549999999999999822e+00 5.748913540272710954e-01 -6.007904663233970268e+02 -5.076580669709791209e+02 -5.076580669709791209e+02
1.520000000000000000e+03 7.600000000000000533e+00 5.459508316562916574e-01 -5.960825286965574605e+02 -5.076384939682382083e+02 -5.076384939682382083e+02
1.530000000000000000e+03 7.650000000000000355e+00 6.081650185574493106e-01 -6.061892089021849870e+02 -5.076664758958781931e+02 -5.076664758958781931e+02
1.540000000000000000e+03 7.700000000000000178e+00 6.181232654501996882e-01 -6.077801768829656339e+02 -5.076442078800332638e+02 -5.076442078800332638e+02
1.550000000000000000e+03 7.750000000000000000e+00 6.547693315464961916e-01 -6.137415347581762717e+02 -5.076689030476438802e+02 -5.076689030476438802e+02
1.560000000000000000e+03 7.799999999999999822e+00 5.961895880516876467e-01 -6.042332063055429217e+02 -5.076504930411695113e+02 -5.076504930411695113e+02
1.570000000000000000e+03 7.850000000000000533e+00 5.432486758113060921e-01 -5.956658075700024710e+02 -5.076595220885708954e+02 -5.076595220885708954e+02
1.580000000000000000e+03 7.900000000000000355e+00 5.414751288416923547e-01 -5.953709618388946865e+02 -5.076519909665405521e+02 -5.076519909665405521e+02
1.590000000000000000e+03 7.950000000000000178e+00 5.704575090719996577e-01 -6.000843099477764326e+02 -5.076701934781124805e+02 -5.076701934781124805e+02
1.600000000000000000e+03 8.000000000000000000e+00 5.415466813132626678e-01 -5.953744483410758903e+02 -5.076438859683273677e+02 -5.076438859683273677e+02
1.610000000000000000e+03 8.050000000000000711e+00 5.953570447584440872e-01 -6.041071126879708117e+02 -5.076592714371028592e+02 -5.076592714371028592e+02
1.620000000000000000e+03 8.099999999999999645e+00 5.988510819021131137e-01 -6.046731353351138978e+02 -5.076592600669715694e+02 -5.076592600669715694e+02
1.630000000000000000e+03 8.150000000000000355e+00 5.913763009932491155e-01 -6.034482851450890166e+02 -5.076453243841826861e+02 -5.076453243841826861e+02
1.640000000000000000e+03 8.199999999999999289e+00 6.321316686922555661e-01 -6.100646176104659162e+02 -5.076592872823205198e+02 -5.076592872823205198e+02
1.650000000000000000e+03 8.250000000000000000e+00 5.722354978609520693e-01 -6.003483524288216131e+02 -5.076462017753473788e+02 -5.076462017753473788e+02
1.660000000000000000e+03 8.300000000000000711e+00 5.883785973568033123e-01 -6.029857703172151560e+02 -5.076684375454129849e+02 -5.076684375454129849e+02
1.670000000000000000e+03 8.349999999999999645e+00 5.949976925208683154e-01 -6.040427080425592976e+02 -5.076530818541786516e+02 -5.076530818541786516e+02
1.680000000000000000e+03 8.400000000000000355e+00 5.983130773230629362e-01 -6.045772615039653601e+02 -5.076505429776291294e+02 -5.076505429776291294e+02
1.690000000000000000e+03 8.449999999999999289e+00 6.109227468758473556e-01 -6.066335222762687636e+02 -5.076640372823815142e+02 -5.076640372823815142e+02
1.700000000000000000e+03 8.500000000000000000e+00 5.863730173946997137e-01 -6.026512099710133725e+02 -5.076587811530720273e+02 -5.076587811530720273e+02
1.710000000000000000e+03 8.550000000000000711e+00 5.950859088330515689e-01 -6.040634908522137039e+02 -5.076595736212593692e+02 -5.076595736212593692e+02
1.720000000000000000e+03 8.599999999999999645e+00 6.315668442435805607e-01 -6.099797589446141046e+02 -5.076659301771540527e+02 -5.076659301771540527e+02
1.730000000000000000e+03 8.650000000000000355e+00 6.141761112495178754e-01 -6.071477174858134731e+02 -5.076511874633915795e+02 -5.076511874633915795e+02
1.740000000000000000e+03 8.700000000000001066e+00 5.988424489944613738e-01 -6.046856659139518797e+02 -5.076731891768491209e+02 -5.076731891768491209e+02
1.750000000000000000e+03 8.750000000000000000e+00 5.625396608386699082e-01 -5.987793709931722788e+02 -5.076479459373077816e+02 -5.076479459373077816e+02
1.760000000000000000e+03 8.800000000000000711e+00 5.718380188041735090e-01 -6.002796207535205895e+02 -5.076418617072445159e+02 -5.076418617072445159e+02
1.770000000000000000e+03 8.849999999999999645e+00 6.152540214829983478e-01 -6.073436265427949365e+02 -5.076724750625492106e+02 -5.076724750625492106e+02
1.780000000000000000e+03 8.900000000000000355e+00 5.765141605491966859e-01 -6.010470364897504396e+02 -5.076517424807805696e+02 -5.076517424807805696e+02
1.790000000000000000e+03 8.950000000000001066e+00 5.917996406805334786e-01 -6.035293407652676478e+02 -5.076577989750212510e+02 -5.076577989750212510e+02
1.800000000000000000e+03 9.000000000000000000e+00 6.421234548407518394e-01 -6.116954783579683408e+02 -5.076714786737665577e+02 -5.076714786737665577e+02
1.810000000000000000e+03 9.050000000000000711e+00 6.068346680943469407e-01 -6.059680088416633907e+02 -5.076607926103791897e+02 -5.076607926103791897e+02
1.820000000000000000e+03 9.099999999999999645e+00 5.840365577380507434e-01 -6.022661443076833621e+02 -5.076522219541191134e+02 -5.076522219541191134e+02
1.830000000000000000e+03 9.150000000000000355e+00 6.086469157960788801e-01 -6.062571220038159936e+02 -5.076563216448512321e+02 -5.076563216448512321e+02
1.840000000000000000e+03 9.200000000000001066e+00 6.345508260519550081e-01 -6.104735515527682992e+02 -5.076763177323516061e+02 -5.076763177323516061e+02
1.850000000000000000e+03 9.250000000000000000e+00 5.772296890455876905e-01 -6.011662886557087404e+02 -5.076550790303235203e+02 -5.076550790303235203e+02
1.860000000000000000e+03 9.300000000000000711e+00 5.363513987757233537e-01 -5.945295324759952109e+02 -5.076406058743280028e+02 -5.076406058743280028e+02
1.870000000000000000e+03 9.349999999999999645e+00 6.364729516376556040e-01 -6.107804556019872280e+02 -5.076718374366870421e+02 -5.076718374366870421e+02
1.880000000000000000e+03 9.400000000000000355e+00 6.308756655488533260e-01 -6.098623494235180260e+02 -5.076604916046038056e+02 -5.076604916046038056e+02
1.890000000000000000e+03 9.450000000000001066e+00 5.914627366175418954e-01 -6.034614034310484385e+02 -5.076444400990066583e+02 -5.076444400990066583e+02
1.900000000000000000e+03 9.500000000000000000e+00 6.317439908183863917e-01 -6.100055590219615169e+02 -5.076630325093829015e+02 -5.076630325093829015e+02
1.910000000000000000e+03 9.550000000000000711e+00 5.942608339288086849e-01 -6.039099227009249944e+02 -5.076396676044579976e+02 -5.076396676044579976e+02
1.920000000000000000e+03 9.599999999999999645e+00 6.110466274777967000e-01 -6.066487454967485746e+02 -5.076591918453455037e+02 -5.076591918453455037e+02
1.930000000000000000e+03 9.650000000000000355e+00 6.330471653472669047e-01 -6.102009132309117376e+02 -5.076472724446545044e+02 -5.076472724446545044e+02
1.940000000000000000e+03 9.700000000000001066e+00 6.335062258887244058e-01 -6.102774905264249128e+02 -5.076494819324515788e+02 -5.076494819324515788e+02
1.950000000000000000e+03 9.750000000000000000e+00 6.070616706969111931e-01 -6.059885439885147207e+02 -5.076445533356151145e+02 -5.076445533356151145e+02
1.960000000000000000e+03 9.800000000000000711e+00 6.068505458228568017e-01 -6.059540158754888353e+02 -5.076442274521860440e+02 -5.076442274521860440e+02
1.970000000000000000e+03 9.849999999999999645e+00 6.437034274324892058e-01 -6.119511836396658282e+02 -5.076712283956025544e+02 -5.076712283956025544e+02
1.980000000000000000e+03 9.900000000000000355e+00 5.945770152686660204e-01 -6.039509271683938323e+02 -5.076294506948699450e+02 -5.076294506948699450e+02
1.990000000000000000e+03 9.950000000000001066e+00 5.975940659405011290e-01 -6.044769622235476163e+02 -5.076667235411864567e+02 -5.076667235411864567e+02
2.000000000000000000e+03 1.000000000000000000e+01 5.347869651612378039e-01 -5.942575503588933543e+02 -5.076220620027728501e+02 -5.076220620027728501e+02
