1.000000000000000000e+01 5.000000000000000278e-02 9.322370326589089762e-02 -6.814112058002328922e+02 -6.663089658711585344e+02 -6.663089658711585344e+02
2.000000000000000000e+01 1.000000000000000056e-01 5.456795108463099314e-02 -6.751456861984759144e+02 -6.663056781227656984e+02 -6.663056781227656984e+02
3.000000000000000000e+01 1.499999999999999944e-01 2.603048173608463536e-02 -6.705200509444159707e+02 -6.663031129031702449e+02 -6.663031129031702449e+02
4.000000000000000000e+01 2.000000000000000111e-01 2.853842783366668245e-02 -6.709293044859380188e+02 -6.663060791768840545e+02 -6.663060791768840545e+02
5.000000000000000000e+01 2.500000000000000000e-01 4.069438076795486164e-02 -6.728996198279470491e+02 -6.663071301435384157e+02 -6.663071301435384157e+02
6.000000000000000000e+01 2.999999999999999889e-01 4.967394908575446105e-02 -6.743540184661475223e+02 -6.663068387142552638e+02 -6.663068387142552638e+02
7.000000000000000000e+01 3.500000000000000333e-01 5.575025586535098387e-02 -6.753384807938118684e+02 -6.663069393436250039e+02 -6.663069393436250039e+02
8.000000000000000000e+01 4.000000000000000222e-01 5.853125894518879796e-02 -6.757890417287201217e+02 -6.663069777795994924e+02 -6.663069777795994924e+02
9.000000000000000000e+01 4.500000000000000111e-01 5.817417012660349579e-02 -6.757307801501320910e+02 -6.663065645896223259e+02 -6.663065645896223259e+02
1.000000000000000000e+02 5.000000000000000000e-01 5.806961277890999862e-02 -6.757137665478094277e+02 -6.663064892776260422e+02 -6.663064892776260422e+02
1.100000000000000000e+02 5.500000000000000444e-01 5.891693165661425480e-02 -6.758514394620412986e+02 -6.663068965336698284e+02 -6.663068965336698284e+02
1.200000000000000000e+02 5.999999999999999778e-01 5.753694429761762458e-02 -6.756277612616069064e+02 -6.663067762853928571e+02 -6.663067762853928571e+02
1.300000000000000000e+02 6.500000000000000222e-01 5.499755065457891806e-02 -6.752158397308510303e+02 -6.663062365248092647e+02 -6.663062365248092647e+02
1.400000000000000000e+02 7.000000000000000666e-01 5.535142875442254640e-02 -6.752733574172129920e+02 -6.663064259589965559e+02 -6.663064259589965559e+02
1.500000000000000000e+02 7.500000000000000000e-01 5.761772162048087176e-02 -6.756408580914270487e+02 -6.663067871889091975e+02 -6.663067871889091975e+02
1.600000000000000000e+02 8.000000000000000444e-01 5.947994242815580340e-02 -6.759424288727400381e+02 -6.663066781993787799e+02 -6.663066781993787799e+02
1.700000000000000000e+02 8.499999999999999778e-01 6.124195438672120489e-02 -6.762280516225973770e+02 -6.663068550119485280e+02 -6.663068550119485280e+02
1.800000000000000000e+02 9.000000000000000222e-01 6.101599765281053717e-02 -6.761918545429205096e+02 -6.663072629231652400e+02 -6.663072629231652400e+02
1.900000000000000000e+02 9.500000000000000666e-01 5.627413114264409599e-02 -6.754232886091950832e+02 -6.663068793640867398e+02 -6.663068793640867398e+02
2.000000000000000000e+02 1.000000000000000000e+00 5.047813815073311228e-02 -6.744839108170939426e+02 -6.663064524366751584e+02 -6.663064524366751584e+02
2.100000000000000000e+02 1.050000000000000044e+00 4.813132055845734808e-02 -6.741038207050746678e+02 -6.663065467746046124e+02 -6.663065467746046124e+02
2.200000000000000000e+02 1.100000000000000089e+00 4.940561492993342935e-02 -6.743107516448718570e+02 -6.663070420262226889e+02 -6.663070420262226889e+02
2.300000000000000000e+02 1.150000000000000133e+00 5.124060467982199940e-02 -6.746076736385263075e+02 -6.663066956803951371e+02 -6.663066956803951371e+02
2.400000000000000000e+02 1.199999999999999956e+00 5.488578400155100234e-02 -6.751982210091542811e+02 -6.663067240009030456e+02 -6.663067240009030456e+02
2.500000000000000000e+02 1.250000000000000000e+00 5.975833602066613071e-02 -6.759879641324744171e+02 -6.663071136971265105e+02 -6.663071136971265105e+02
2.600000000000000000e+02 1.300000000000000044e+00 6.199692093765256373e-02 -6.763508294358250623e+02 -6.663073282439253262e+02 -6.663073282439253262e+02
2.700000000000000000e+02 1.350000000000000089e+00 6.029070143455655950e-02 -6.760740022710158428e+02 -6.663069086386176423e+02 -6.663069086386176423e+02
2.800000000000000000e+02 1.400000000000000133e+00 5.817069909623868995e-02 -6.757304507786276417e+02 -6.663067975250369273e+02 -6.663067975250369273e+02
2.900000000000000000e+02 1.449999999999999956e+00 5.740237856862134835e-02 -6.756061134875396874e+02 -6.663069281594230233e+02 -6.663069281594230233e+02
3.000000000000000000e+02 1.500000000000000000e+00 5.712412264435109965e-02 -6.755613115492666338e+02 -6.663072036808817984e+02 -6.663072036808817984e+02
3.100000000000000000e+02 1.550000000000000044e+00 5.499279874695733178e-02 -6.752160742931998811e+02 -6.663072408961927522e+02 -6.663072408961927522e+02
3.200000000000000000e+02 1.600000000000000089e+00 5.120822670901292034e-02 -6.746025437460992862e+02 -6.663068110192391487e+02 -6.663068110192391487e+02
3.300000000000000000e+02 1.650000000000000133e+00 5.057246796047795701e-02 -6.744991895089830223e+02 -6.663064496993855528e+02 -6.663064496993855528e+02
3.400000000000000000e+02 1.699999999999999956e+00 5.597257019823377588e-02 -6.753746206268045853e+02 -6.663070642546906583e+02 -6.663070642546906583e+02
3.500000000000000000e+02 1.750000000000000000e+00 6.162544830817135583e-02 -6.762911325214996623e+02 -6.663078098955759287e+02 -6.663078098955759287e+02
3.600000000000000000e+02 1.800000000000000044e+00 6.148768868351711658e-02 -6.762685158910993550e+02 -6.663075103243695594e+02 -6.663075103243695594e+02
3.700000000000000000e+02 1.850000000000000089e+00 5.729709144175040153e-02 -6.755893714921434139e+02 -6.663072426785798825e+02 -6.663072426785798825e+02
3.800000000000000000e+02 1.900000000000000133e+00 5.231175719802396568e-02 -6.747814884217051485e+02 -6.663069837556253106e+02 -6.663069837556253106e+02
3.900000000000000000e+02 1.949999999999999956e+00 4.984231435080861000e-02 -6.743810461799889708e+02 -6.663065912551579686e+02 -6.663065912551579686e+02
4.000000000000000000e+02 2.000000000000000000e+00 5.266033287454704309e-02 -6.748379493761616459e+02 -6.663069754504849698e+02 -6.663069754504849698e+02
4.100000000000000000e+02 2.049999999999999822e+00 5.740460985026729634e-02 -6.756070941385892183e+02 -6.663075473428459645e+02 -6.663075473428459645e+02
4.200000000000000000e+02 2.100000000000000089e+00 5.880389525754502189e-02 -6.758335747388432537e+02 -6.663073437071209355e+02 -6.663073437071209355e+02
4.300000000000000000e+02 2.149999999999999911e+00 5.797422846765785953e-02 -6.756987852594793367e+02 -6.663069602477187345e+02 -6.663069602477187345e+02
4.400000000000000000e+02 2.200000000000000178e+00 5.747648910872519418e-02 -6.756182285718646199e+02 -6.663070373362511418e+02 -6.663070373362511418e+02
4.500000000000000000e+02 2.250000000000000000e+00 5.681767226290419109e-02 -6.755117490036054733e+02 -6.663072860970149804e+02 -6.663072860970149804e+02
4.600000000000000000e+02 2.300000000000000266e+00 5.510666430466888699e-02 -6.752342085878692615e+02 -6.663069289705128995e+02 -6.663069289705128995e+02
4.700000000000000000e+02 2.350000000000000089e+00 5.489418578324949116e-02 -6.751998122251524137e+02 -6.663069541282659429e+02 -6.663069541282659429e+02
4.800000000000000000e+02 2.399999999999999911e+00 5.674808889030091841e-02 -6.755004831561024048e+02 -6.663072927558736183e+02 -6.663072927558736183e+02
4.900000000000000000e+02 2.450000000000000178e+00 5.800603568379453928e-02 -6.757045151323410437e+02 -6.663075373515663387e+02 -6.663075373515663387e+02
5.000000000000000000e+02 2.500000000000000000e+00 5.651408054908927531e-02 -6.754626605506909982e+02 -6.663073795017385237e+02 -6.663073795017385237e+02
5.100000000000000000e+02 2.550000000000000266e+00 5.368013529427472647e-02 -6.750031412784336453e+02 -6.663069593607610841e+02 -6.663069593607610841e+02
5.200000000000000000e+02 2.600000000000000089e+00 5.329123914838643228e-02 -6.749400461296545473e+02 -6.663068653876159715e+02 -6.663068653876159715e+02
5.300000000000000000e+02 2.649999999999999911e+00 5.568613617176702835e-02 -6.753283968865220004e+02 -6.663072428266957559e+02 -6.663072428266957559e+02
5.400000000000000000e+02 2.700000000000000178e+00 5.714081577391238315e-02 -6.755642544468132655e+02 -6.663074422914394290e+02 -6.663074422914394290e+02
5.500000000000000000e+02 2.750000000000000000e+00 5.540252065410761206e-02 -6.752825759685853200e+02 -6.663073676226198359e+02 -6.663073676226198359e+02
5.600000000000000000e+02 2.800000000000000266e+00 5.194882859694475996e-02 -6.747224631879973913e+02 -6.663067529552923816e+02 -6.663067529552923816e+02
5.700000000000000000e+02 2.850000000000000089e+00 5.223791711719181358e-02 -6.747692863799228462e+02 -6.663067438069377886e+02 -6.663067438069377886e+02
5.800000000000000000e+02 2.899999999999999911e+00 5.663445918997400685e-02 -6.754820638794561773e+02 -6.663072814906803387e+02 -6.663072814906803387e+02
5.900000000000000000e+02 2.950000000000000178e+00 6.031660764761053589e-02 -6.760788205913111142e+02 -6.663075301523981580e+02 -6.663075301523981580e+02
6.000000000000000000e+02 3.000000000000000000e+00 6.067279050584103994e-02 -6.761363363053644662e+02 -6.663073442434182425e+02 -6.663073442434182425e+02
6.100000000000000000e+02 3.050000000000000266e+00 5.889428286212013836e-02 -6.758482740661858088e+02 -6.663074002425223625e+02 -6.663074002425223625e+02
6.200000000000000000e+02 3.100000000000000089e+00 5.592466418662105782e-02 -6.753668956070063132e+02 -6.663071000087736593e+02 -6.663071000087736593e+02
6.300000000000000000e+02 3.149999999999999911e+00 5.440651653557103395e-02 -6.751207711476238273e+02 -6.663069154688613480e+02 -6.663069154688613480e+02
6.400000000000000000e+02 3.200000000000000178e+00 5.529757887508689185e-02 -6.752655964234016892e+02 -6.663073886456376158e+02 -6.663073886456376158e+02
6.500000000000000000e+02 3.250000000000000000e+00 5.561268288577192465e-02 -6.753165209351261637e+02 -6.663072663076311528e+02 -6.663072663076311528e+02
6.600000000000000000e+02 3.300000000000000266e+00 5.535301722302848199e-02 -6.752743010908180850e+02 -6.663071123006874359e+02 -6.663071123006874359e+02
6.700000000000000000e+02 3.350000000000000089e+00 5.541313244462493098e-02 -6.752842782263444406e+02 -6.663073507703152245e+02 -6.663073507703152245e+02
6.800000000000000000e+02 3.399999999999999911e+00 5.388179064483872294e-02 -6.750362880745786924e+02 -6.663074379901148632e+02 -6.663074379901148632e+02
6.900000000000000000e+02 3.450000000000000178e+00 5.108209242325608551e-02 -6.745820062878981389e+02 -6.663067073153306410e+02 -6.663067073153306410e+02
7.000000000000000000e+02 3.500000000000000000e+00 5.307232965283842363e-02 -6.749044441586041785e+02 -6.663067267548443624e+02 -6.663067267548443624e+02
7.100000000000000000e+02 3.550000000000000266e+00 5.970898202242928832e-02 -6.759804404128144597e+02 -6.663075853251808667e+02 -6.663075853251808667e+02
7.200000000000000000e+02 3.600000000000000089e+00 6.345614237709476524e-02 -6.765875057665468830e+02 -6.663076107014575200e+02 -6.663076107014575200e+02
7.300000000000000000e+02 3.649999999999999911e+00 6.234997291733149205e-02 -6.764081857393382506e+02 -6.663074901267304995e+02 -6.663074901267304995e+02
7.400000000000000000e+02 3.700000000000000178e+00 5.810279213158450751e-02 -6.757197687106063313e+02 -6.663071163852896461e+02 -6.663071163852896461e+02
7.500000000000000000e+02 3.750000000000000000e+00 5.455096649626477862e-02 -6.751444634342058180e+02 -6.663072068618108688e+02 -6.663072068618108688e+02
7.600000000000000000e+02 3.800000000000000266e+00 5.241436992147655016e-02 -6.747985947579190906e+02 -6.663074668306398962e+02 -6.663074668306398962e+02
7.700000000000000000e+02 3.850000000000000089e+00 5.040270598893366316e-02 -6.744723659202438739e+02 -6.663071275500366255e+02 -6.663071275500366255e+02
7.800000000000000000e+02 3.899999999999999911e+00 5.080623452818528590e-02 -6.745377718066090438e+02 -6.663071618130430807e+02 -6.663071618130430807e+02
7.900000000000000000e+02 3.950000000000000178e+00 5.373327459375995541e-02 -6.750119979369244447e+02 -6.663072074527353834e+02 -6.663072074527353834e+02
8.000000000000000000e+02 4.000000000000000000e+00 5.770197738445536489e-02 -6.756554365437717706e+02 -6.663077162074899888e+02 -6.663077162074899888e+02
8.100000000000000000e+02 4.049999999999999822e+00 5.849980727214864479e-02 -6.757847231265400296e+02 -6.663077543484519083e+02 -6.663077543484519083e+02
8.200000000000000000e+02 4.099999999999999645e+00 5.566975545100637940e-02 -6.753256755688079238e+02 -6.663071751857448817e+02 -6.663071751857448817e+02
8.300000000000000000e+02 4.150000000000000355e+00 5.506928046473771876e-02 -6.752284300618647421e+02 -6.663072066265772264e+02 -6.663072066265772264e+02
8.400000000000000000e+02 4.200000000000000178e+00 5.715135315296248492e-02 -6.755662755882556212e+02 -6.663077563774756982e+02 -6.663077563774756982e+02
8.500000000000000000e+02 4.250000000000000000e+00 5.793904496631049894e-02 -6.756939915821243403e+02 -6.663078662975819952e+02 -6.663078662975819952e+02
8.600000000000000000e+02 4.299999999999999822e+00 5.706641919454853024e-02 -6.755526048219658151e+02 -6.663078449124488998e+02 -6.663078449124488998e+02
8.700000000000000000e+02 4.350000000000000533e+00 5.572768954413336029e-02 -6.753353305908800621e+02 -6.663074448847304438e+02 -6.663074448847304438e+02
8.800000000000000000e+02 4.400000000000000355e+00 5.641409032546738228e-02 -6.754466398998970362e+02 -6.663075572671713189e+02 -6.663075572671713189e+02
8.900000000000000000e+02 4.450000000000000178e+00 5.817984822555661434e-02 -6.757331233493408718e+02 -6.663079879368007141e+02 -6.663079879368007141e+02
9.000000000000000000e+02 4.500000000000000000e+00 5.826423308664933909e-02 -6.757467832051311234e+02 -6.663079774450939112e+02 -6.663079774450939112e+02
9.100000000000000000e+02 4.549999999999999822e+00 5.661200561790478286e-02 -6.754788842508521611e+02 -6.663077393407515956e+02 -6.663077393407515956e+02
9.200000000000000000e+02 4.600000000000000533e+00 5.542559609744428933e-02 -6.752865993905692221e+02 -6.663076528227832114e+02 -6.663076528227832114e+02
9.300000000000000000e+02 4.650000000000000355e+00 5.530400078578565082e-02 -6.752672390935882731e+02 -6.663079909662909586e+02 -6.663079909662909586e+02
9.400000000000000000e+02 4.700000000000000178e+00 5.401182679366892808e-02 -6.750577619887984611e+02 -6.663078460482240644e+02 -6.663078460482240644e+02
9.500000000000000000e+02 4.750000000000000000e+00 5.208124321670394574e-02 -6.747447681210338715e+02 -6.663076067199278896e+02 -6.663076067199278896e+02
9.600000000000000000e+02 4.799999999999999822e+00 5.147486455913267978e-02 -6.746462171540512145e+02 -6.663072890954716740e+02 -6.663072890954716740e+02
9.700000000000000000e+02 4.850000000000000533e+00 5.452970975336805803e-02 -6.751411534629068001e+02 -6.663073404828611501e+02 -6.663073404828611501e+02
9.800000000000000000e+02 4.900000000000000355e+00 6.002940528378114537e-02 -6.760329774936001286e+02 -6.663082138376275907e+02 -6.663082138376275907e+02
9.900000000000000000e+02 4.950000000000000178e+00 6.126453632460480969e-02 -6.762331749689370781e+02 -6.663083200843510667e+02 -6.663083200843510667e+02
1.000000000000000000e+03 5.000000000000000000e+00 5.829101389620008900e-02 -6.757506747917875600e+02 -6.663075305406031248e+02 -6.663075305406031248e+02
1.010000000000000000e+03 5.049999999999999822e+00 5.647512155446709342e-02 -6.754565494723721031e+02 -6.663075797805483944e+02 -6.663075797805483944e+02
1.020000000000000000e+03 5.100000000000000533e+00 5.593455881638171451e-02 -6.753691577532897554e+02 -6.663077592250359658e+02 -6.663077592250359658e+02
1.030000000000000000e+03 5.150000000000000355e+00 5.471444368593431778e-02 -6.751714957032774009e+02 -6.663077558261560398e+02 -6.663077558261560398e+02
1.040000000000000000e+03 5.200000000000000178e+00 5.328676449329809717e-02 -6.749400022816472529e+02 -6.663075464337329095e+02 -6.663075464337329095e+02
1.050000000000000000e+03 5.250000000000000000e+00 5.314152540270777186e-02 -6.749164703055852215e+02 -6.663075431903465642e+02 -6.663075431903465642e+02
1.060000000000000000e+03 5.299999999999999822e+00 5.389111693209377302e-02 -6.750379763724240547e+02 -6.663076154294249136e+02 -6.663076154294249136e+02
1.070000000000000000e+03 5.350000000000000533e+00 5.528444180930736779e-02 -6.752636356633704509e+02 -6.663075560902626648e+02 -6.663075560902626648e+02
1.080000000000000000e+03 5.400000000000000355e+00 5.745770041654207905e-02 -6.756160008584188290e+02 -6.663078533909390444e+02 -6.663078533909390444e+02
1.090000000000000000e+03 5.450000000000000178e+00 5.819587103054474353e-02 -6.757355567746515135e+02 -6.663078256677032414e+02 -6.663078256677032414e+02
1.100000000000000000e+03 5.500000000000000000e+00 5.681121247200763419e-02 -6.755111674440357774e+02 -6.663077510235705176e+02 -6.663077510235705176e+02
1.110000000000000000e+03 5.549999999999999822e+00 5.419417677287401841e-02 -6.750870212875679499e+02 -6.663075646503623375e+02 -6.663075646503623375e+02
1.120000000000000000e+03 5.600000000000000533e+00 5.312080546742482812e-02 -6.749130289121079613e+02 -6.663074584263850966e+02 -6.663074584263850966e+02
1.130000000000000000e+03 5.650000000000000355e+00 5.457236043619924371e-02 -6.751487598350738608e+02 -6.663080374444095924e+02 -6.663080374444095924e+02
1.140000000000000000e+03 5.700000000000000178e+00 5.505916114448845128e-02 -6.752274881160566338e+02 -6.663079040106495086e+02 -6.663079040106495086e+02
1.150000000000000000e+03 5.750000000000000000e+00 5.516856156560295127e-02 -6.752449903958419100e+02 -6.663076834222142679e+02 -6.663076834222142679e+02
1.160000000000000000e+03 5.799999999999999822e+00 5.649391794559146390e-02 -6.754599093182380329e+02 -6.663078946110522338e+02 -6.663078946110522338e+02
1.170000000000000000e+03 5.850000000000000533e+00 5.779784754390952101e-02 -6.756710348438242590e+02 -6.663077835417109327e+02 -6.663077835417109327e+02
1.180000000000000000e+03 5.900000000000000355e+00 5.884960434921964606e-02 -6.758415932413093969e+02 -6.663079573367358535e+02 -6.663079573367358535e+02
1.190000000000000000e+03 5.950000000000000178e+00 5.828547691432767880e-02 -6.757501041336792014e+02 -6.663078568735580802e+02 -6.663078568735580802e+02
1.200000000000000000e+03 6.000000000000000000e+00 5.677031354768066057e-02 -6.755043505522252190e+02 -6.663075597575009397e+02 -6.663075597575009397e+02
1.210000000000000000e+03 6.049999999999999822e+00 5.648808448421652195e-02 -6.754588343603202247e+02 -6.663077646738771591e+02 -6.663077646738771591e+02
1.220000000000000000e+03 6.100000000000000533e+00 5.600509824602158127e-02 -6.753809343686745024e+02 -6.663081084528190559e+02 -6.663081084528190559e+02
1.230000000000000000e+03 6.150000000000000355e+00 5.324317600133613576e-02 -6.749330273264311018e+02 -6.663076328142146849e+02 -6.663076328142146849e+02
1.240000000000000000e+03 6.200000000000000178e+00 5.208380721715439449e-02 -6.747449794833426040e+02 -6.663074027141635725e+02 -6.663074027141635725e+02
1.250000000000000000e+03 6.250000000000000000e+00 5.406288954405116809e-02 -6.750661561957921322e+02 -6.663079680896557875e+02 -6.663079680896557875e+02
1.260000000000000000e+03 6.299999999999999822e+00 5.531485916893632421e-02 -6.752687513716148260e+02 -6.663077441862471915e+02 -6.663077441862471915e+02
1.270000000000000000e+03 6.350000000000000533e+00 5.689302038988439114e-02 -6.755243261761380609e+02 -6.663076568729767359e+02 -6.663076568729767359e+02
1.280000000000000000e+03 6.400000000000000355e+00 5.934343013472193756e-02 -6.759217859671841779e+02 -6.663081502853592610e+02 -6.663081502853592610e+02
1.290000000000000000e+03 6.450000000000000178e+00 5.931588517235405339e-02 -6.759171344020926426e+02 -6.663079610041712613e+02 -6.663079610041712613e+02
1.300000000000000000e+03 6.500000000000000000e+00 5.749783439104518695e-02 -6.756225045787256249e+02 -6.663078554073763371e+02 -6.663078554073763371e+02
1.310000000000000000e+03 6.549999999999999822e+00 5.524998794922842543e-02 -6.752581700471425847e+02 -6.663076719993675852e+02 -6.663076719993675852e+02
1.320000000000000000e+03 6.600000000000000533e+00 5.437230348025873239e-02 -6.751159682018479771e+02 -6.663076550380460503e+02 -6.663076550380460503e+02
1.330000000000000000e+03 6.650000000000000355e+00 5.544842187318064358e-02 -6.752905671663976364e+02 -6.663079228229423734e+02 -6.663079228229423734e+02
1.340000000000000000e+03 6.700000000000000178e+00 5.628204526666231305e-02 -6.754257115018618833e+02 -6.663080201686625514e+02 -6.663080201686625514e+02
1.350000000000000000e+03 6.750000000000000000e+00 5.584731106393105854e-02 -6.753552041245061446e+02 -6.663079397321492934e+02 -6.663079397321492934e+02
1.360000000000000000e+03 6.799999999999999822e+00 5.561198970864716928e-02 -6.753170341452319008e+02 -6.663078918124310803e+02 -6.663078918124310803e+02
1.370000000000000000e+03 6.850000000000000533e+00 5.639110901047026531e-02 -6.754431754972781619e+02 -6.663078158375819839e+02 -6.663078158375819839e+02
1.380000000000000000e+03 6.900000000000000355e+00 5.834468440407501733e-02 -6.757599782923131215e+02 -6.663081394188529885e+02 -6.663081394188529885e+02
1.390000000000000000e+03 6.950000000000000178e+00 5.884393514260857078e-02 -6.758409796552193711e+02 -6.663082621621167618e+02 -6.663082621621167618e+02
1.400000000000000000e+03 7.000000000000000000e+00 5.665181210222522412e-02 -6.754855595620917939e+02 -6.663079660015313266e+02 -6.663079660015313266e+02
1.410000000000000000e+03 7.049999999999999822e+00 5.355165420080046368e-02 -6.749830700906645689e+02 -6.663077021101348691e+02 -6.663077021101348691e+02
1.420000000000000000e+03 7.100000000000000533e+00 5.215251174119752559e-02 -6.747562514665603430e+02 -6.663075445644863066e+02 -6.663075445644863066e+02
1.430000000000000000e+03 7.150000000000000355e+00 5.296232844275920726e-02 -6.748875324221451137e+02 -6.663076352144181556e+02 -6.663076352144181556e+02
1.440000000000000000e+03 7.200000000000000178e+00 5.470928900263270778e-02 -6.751706429690127607e+02 -6.663077381505862604e+02 -6.663077381505862604e+02
1.450000000000000000e+03 7.250000000000000000e+00 5.649229563987393649e-02 -6.754594196649945843e+02 -6.663076677713349909e+02 -6.663076677713349909e+02
1.460000000000000000e+03 7.299999999999999822e+00 5.893902560279960789e-02 -6.758558498641579035e+02 -6.663077277165043597e+02 -6.663077277165043597e+02
1.470000000000000000e+03 7.350000000000000533e+00 6.169554919139051685e-02 -6.763030830187304900e+02 -6.663084040497252545e+02 -6.663084040497252545e+02
1.480000000000000000e+03 7.400000000000000355e+00 5.965822257928354161e-02 -6.759731260049290995e+02 -6.663084939470851396e+02 -6.663084939470851396e+02
1.490000000000000000e+03 7.450000000000000178e+00 5.286888067528472401e-02 -6.748723444289637428e+02 -6.663075857595675870e+02 -6.663075857595675870e+02
1.500000000000000000e+03 7.500000000000000000e+00 4.946868333156144437e-02 -6.743213356214383793e+02 -6.663074089217254823e+02 -6.663074089217254823e+02
1.510000000000000000e+03 7.549999999999999822e+00 5.208239894880078991e-02 -6.747451935900809303e+02 -6.663078449603751778e+02 -6.663078449603751778e+02
1.520000000000000000e+03 7.600000000000000533e+00 5.653011889010191998e-02 -6.754660590015702155e+02 -6.663081797413736922e+02 -6.663081797413736922e+02
1.530000000000000000e+03 7.650000000000000355e+00 5.873214679363620433e-02 -6.758227552851077462e+02 -6.663081475045387378e+02 -6.663081475045387378e+02
1.540000000000000000e+03 7.700000000000000178e+00 5.810633719242392498e-02 -6.757211960992906370e+02 -6.663079694741179537e+02 -6.663079694741179537e+02
1.550000000000000000e+03 7.750000000000000000e+00 5.663197634395882724e-02 -6.754821023714704324e+02 -6.663077222037491083e+02 -6.663077222037491083e+02
1.560000000000000000e+03 7.799999999999999822e+00 5.657600940717026627e-02 -6.754732332431459554e+02 -6.663079197191843832e+02 -6.663079197191843832e+02
1.570000000000000000e+03 7.850000000000000533e+00 5.728648209793515272e-02 -6.755882291965225477e+02 -6.663078190966569991e+02 -6.663078190966569991e+02
1.580000000000000000e+03 7.900000000000000355e+00 5.836929584536167809e-02 -6.757638075750180633e+02 -6.663079816480694717e+02 -6.663079816480694717e+02
1.590000000000000000e+03 7.950000000000000178e+00 5.796751262031357016e-02 -6.756987792823340442e+02 -6.663080422378432104e+02 -6.663080422378432104e+02
1.600000000000000000e+03 8.000000000000000000e+00 5.546598609175883154e-02 -6.752934700034786601e+02 -6.663079802566137460e+02 -6.663079802566137460e+02
1.610000000000000000e+03 8.050000000000000711e+00 5.222058329025673629e-02 -6.747673137856276071e+02 -6.663075792926059648e+02 -6.663075792926059648e+02
1.620000000000000000e+03 8.099999999999999645e+00 5.236174727651654592e-02 -6.747900399980004522e+02 -6.663074369392047629e+02 -6.663074369392047629e+02
1.630000000000000000e+03 8.150000000000000355e+00 5.667432702981178155e-02 -6.754893112144737870e+02 -6.663080702356443226e+02 -6.663080702356443226e+02
1.640000000000000000e+03 8.199999999999999289e+00 5.962803475077167736e-02 -6.759680287182980010e+02 -6.663082870886729552e+02 -6.663082870886729552e+02
1.650000000000000000e+03 8.250000000000000000e+00 5.855093393938166912e-02 -6.757934936375187363e+02 -6.663082423393389035e+02 -6.663082423393389035e+02
1.660000000000000000e+03 8.300000000000000711e+00 5.513751512696975915e-02 -6.752398310977785059e+02 -6.663075536472093745e+02 -6.663075536472093745e+02
1.670000000000000000e+03 8.349999999999999645e+00 5.466991197767522015e-02 -6.751641382054368705e+02 -6.663076124650534666e+02 -6.663076124650534666e+02
1.680000000000000000e+03 8.400000000000000355e+00 5.614394317194331546e-02 -6.754032509720472035e+02 -6.663079321781923454e+02 -6.663079321781923454e+02
1.690000000000000000e+03 8.449999999999999289e+00 5.618814002966138893e-02 -6.754103351064028402e+02 -6.663078564215976485e+02 -6.663078564215976485e+02
1.700000000000000000e+03 8.500000000000000000e+00 5.482400825823249141e-02 -6.751890812488701386e+02 -6.663075919110365248e+02 -6.663075919110365248e+02
1.710000000000000000e+03 8.550000000000000711e+00 5.420162894653715591e-02 -6.750880992922623136e+02 -6.663074354029232609e+02 -6.663074354029232609e+02
1.720000000000000000e+03 8.599999999999999645e+00 5.555820992650353785e-02 -6.753082510727691670e+02 -6.663078210646756361e+02 -6.663078210646756361e+02
1.730000000000000000e+03 8.650000000000000355e+00 5.638355230178390687e-02 -6.754421415742018553e+02 -6.663080061013129125e+02 -6.663080061013129125e+02
1.740000000000000000e+03 8.700000000000001066e+00 5.544591666143108138e-02 -6.752899761311365410e+02 -6.663077376319846508e+02 -6.663077376319846508e+02
1.750000000000000000e+03 8.750000000000000000e+00 5.456455166899917830e-02 -6.751469681428628746e+02 -6.663075107724849886e+02 -6.663075107724849886e+02
1.760000000000000000e+03 8.800000000000000711e+00 5.526329279342757916e-02 -6.752604335303218477e+02 -6.663077800977865763e+02 -6.663077800977865763e+02
1.770000000000000000e+03 8.849999999999999645e+00 5.606201824757830326e-02 -6.753899743723731035e+02 -6.663079274162654428e+02 -6.663079274162654428e+02
1.780000000000000000e+03 8.900000000000000355e+00 5.540111156429940176e-02 -6.752828371121411237e+02 -6.663078570387245918e+02 -6.663078570387245918e+02
1.790000000000000000e+03 8.950000000000001066e+00 5.393391375124484410e-02 -6.750446293189826292e+02 -6.663073352912809924e+02 -6.663073352912809924e+02
1.800000000000000000e+03 9.000000000000000000e+00 5.578996745179760908e-02 -6.753452702960072429e+02 -6.663072955688160164e+02 -6.663072955688160164e+02
1.810000000000000000e+03 9.050000000000000711e+00 6.045981933217119825e-02 -6.761027033715314474e+02 -6.663082126397197271e+02 -6.663082126397197271e+02
1.820000000000000000e+03 9.099999999999999645e+00 6.099885861068054388e-02 -6.761900881093710041e+02 -6.663082730144407151e+02 -6.663082730144407151e+02
1.830000000000000000e+03 9.150000000000000355e+00 5.723208705016229886e-02 -6.755790879127555399e+02 -6.663074898106292494e+02 -6.663074898106292494e+02
1.840000000000000000e+03 9.200000000000001066e+00 5.495358983227093680e-02 -6.752101451683448659e+02 -6.663076636155169581e+02 -6.663076636155169581e+02
1.850000000000000000e+03 9.250000000000000000e+00 5.366757290021610671e-02 -6.750019597803369606e+02 -6.663078129705019137e+02 -6.663078129705019137e+02
1.860000000000000000e+03 9.300000000000000711e+00 5.283706264117089130e-02 -6.748670928022229418e+02 -6.663074886543532784e+02 -6.663074886543532784e+02
1.870000000000000000e+03 9.349999999999999645e+00 5.445987563048017288e-02 -6.751303619196717136e+02 -6.663078620675339607e+02 -6.663078620675339607e+02
1.880000000000000000e+03 9.400000000000000355e+00 5.605640306484373919e-02 -6.753891268281849989e+02 -6.663079895316802777e+02 -6.663079895316802777e+02
1.890000000000000000e+03 9.450000000000001066e+00 5.556792218641634640e-02 -6.753097777495714809e+02 -6.663077743553719756e+02 -6.663077743553719756e+02
1.900000000000000000e+03 9.500000000000000000e+00 5.477584975974351261e-02 -6.751812856286110218e+02 -6.663075979675326153e+02 -6.663075979675326153e+02
1.910000000000000000e+03 9.550000000000000711e+00 5.554512523914745259e-02 -6.753059091180957694e+02 -6.663075988293538785e+02 -6.663075988293538785e+02
1.920000000000000000e+03 9.599999999999999645e+00 5.768674847620242768e-02 -6.756530832886535336e+02 -6.663078300355086867e+02 -6.663078300355086867e+02
1.930000000000000000e+03 9.650000000000000355e+00 5.916557928985412274e-02 -6.758927905593443484e+02 -6.663079667143879306e+02 -6.663079667143879306e+02
1.940000000000000000e+03 9.700000000000001066e+00 5.876575504790052668e-02 -6.758279872374400838e+02 -6.663079349196801786e+02 -6.663079349196801786e+02
1.950000000000000000e+03 9.750000000000000000e+00 5.674735234169361181e-02 -6.755010169865912530e+02 -6.663079459072368991e+02 -6.663079459072368991e+02
1.960000000000000000e+03 9.800000000000000711e+00 5.356779426098697700e-02 -6.749856982937598104e+02 -6.663077156234799077e+02 -6.663077156234799077e+02
1.970000000000000000e+03 9.849999999999999645e+00 5.131570951183676843e-02 -6.746205411875886284e+02 -6.663073962466710327e+02 -6.663073962466710327e+02
1.980000000000000000e+03 9.900000000000000355e+00 5.306793725878691803e-02 -6.749044906650306075e+02 -6.663074848291071248e+02 -6.663074848291071248e+02
1.990000000000000000e+03 9.950000000000001066e+00 5.804595181089228229e-02 -6.757118708361288100e+02 -6.663084266427642888e+02 -6.663084266427642888e+02
2.000000000000000000e+03 1.000000000000000000e+01 5.875577400926140087e-02 -6.758269010058318145e+02 -6.663084656163314321e+02 -6.663084656163314321e+02
