1.000000000000000000e+01 1.000000000000000056e-01 1.130879998207727333e+00 -5.151066978573165898e+02 -3.319041381476647530e+02 -3.319041381476647530e+02
2.000000000000000000e+01 2.000000000000000111e-01 1.211933664286518830e+00 -5.278490408984038140e+02 -3.315157872839877768e+02 -3.315157872839877768e+02
3.000000000000000000e+01 2.999999999999999889e-01 1.258247406834211768e+00 -5.357257149646303560e+02 -3.318896350574880216e+02 -3.318896350574880216e+02
4.000000000000000000e+01 4.000000000000000222e-01 1.047344644978873029e+00 -5.012672002493954437e+02 -3.315973677628180099e+02 -3.315973677628180099e+02
5.000000000000000000e+01 5.000000000000000000e-01 1.053025783665072712e+00 -5.021003769149889422e+02 -3.315101999612471673e+02 -3.315101999612471673e+02
6.000000000000000000e+01 5.999999999999999778e-01 1.047516030780348162e+00 -5.010377593021526081e+02 -3.313401623157362224e+02 -3.313401623157362224e+02
7.000000000000000000e+01 7.000000000000000666e-01 1.057078475506015414e+00 -5.026387763766010153e+02 -3.313920633446265356e+02 -3.313920633446265356e+02
8.000000000000000000e+01 8.000000000000000444e-01 1.089464565563209808e+00 -5.082014126426091138e+02 -3.317081530213691281e+02 -3.317081530213691281e+02
9.000000000000000000e+01 9.000000000000000222e-01 1.120569371561645378e+00 -5.130699877335624706e+02 -3.315377495405759305e+02 -3.315377495405759305e+02
1.000000000000000000e+02 1.000000000000000000e+00 1.070117355560792571e+00 -5.048985669831529890e+02 -3.315395553823045702e+02 -3.315395553823045702e+02
1.100000000000000000e+02 1.100000000000000089e+00 1.095596293492622664e+00 -5.091280231812091870e+02 -3.316414236354042941e+02 -3.316414236354042941e+02
1.200000000000000000e+02 1.199999999999999956e+00 1.111915792659637470e+00 -5.117980199581136276e+02 -3.316676615472523508e+02 -3.316676615472523508e+02
1.300000000000000000e+02 1.300000000000000044e+00 1.029092245107146253e+00 -4.982676979502450081e+02 -3.315547542428873271e+02 -3.315547542428873271e+02
1.400000000000000000e+02 1.400000000000000133e+00 1.178688926981075413e+00 -5.227031064761875996e+02 -3.317555003052533493e+02 -3.317555003052533493e+02
1.500000000000000000e+02 1.500000000000000000e+00 1.130305001361073147e+00 -5.145988950360678018e+02 -3.314894848155739737e+02 -3.314894848155739737e+02
1.600000000000000000e+02 1.600000000000000089e+00 1.175105185298778387e+00 -5.219698159505034027e+02 -3.316027759321012809e+02 -3.316027759321012809e+02
1.700000000000000000e+02 1.699999999999999956e+00 1.206195303279181896e+00 -5.272141503782096379e+02 -3.318105112469821734e+02 -3.318105112469821734e+02
1.800000000000000000e+02 1.800000000000000044e+00 1.144789952745757677e+00 -5.170814057239654176e+02 -3.316254333791526960e+02 -3.316254333791526960e+02
1.900000000000000000e+02 1.900000000000000133e+00 1.104789407557486891e+00 -5.105157110135983203e+02 -3.315398269892854159e+02 -3.315398269892854159e+02
2.000000000000000000e+02 2.000000000000000000e+00 1.191865757535805592e+00 -5.247458196054626569e+02 -3.316635668846621456e+02 -3.316635668846621456e+02
2.100000000000000000e+02 2.100000000000000089e+00 1.114825807069440566e+00 -5.121885215850144277e+02 -3.315867408397650706e+02 -3.315867408397650706e+02
2.200000000000000000e+02 2.200000000000000178e+00 1.204155685259078457e+00 -5.266073703316312731e+02 -3.315341493196605711e+02 -3.315341493196605711e+02
2.300000000000000000e+02 2.300000000000000266e+00 1.191691797497778760e+00 -5.246607785517169305e+02 -3.316067073570767434e+02 -3.316067073570767434e+02
2.400000000000000000e+02 2.399999999999999911e+00 1.129706448635305893e+00 -5.145224827898570084e+02 -3.315100381109374439e+02 -3.315100381109374439e+02
2.500000000000000000e+02 2.500000000000000000e+00 1.057732126660656080e+00 -5.026984237578487296e+02 -3.313458192388224006e+02 -3.313458192388224006e+02
2.600000000000000000e+02 2.600000000000000089e+00 1.079283985695589365e+00 -5.063221405098730656e+02 -3.314781348271876027e+02 -3.314781348271876027e+02
2.700000000000000000e+02 2.700000000000000178e+00 1.140121416288759182e+00 -5.161809994272734912e+02 -3.314813299884945081e+02 -3.314813299884945081e+02
2.800000000000000000e+02 2.800000000000000266e+00 1.075711924315564616e+00 -5.056611902304695150e+02 -3.313958584913480081e+02 -3.313958584913480081e+02
2.900000000000000000e+02 2.899999999999999911e+00 1.186270581339826435e+00 -5.234671518519180609e+02 -3.312913176748661499e+02 -3.312913176748661499e+02
3.000000000000000000e+02 3.000000000000000000e+00 1.153373641247766201e+00 -5.184188790024910531e+02 -3.315723491203528965e+02 -3.315723491203528965e+02
3.100000000000000000e+02 3.100000000000000089e+00 1.172636213446480502e+00 -5.210250659054840980e+02 -3.310579993271542207e+02 -3.310579993271542207e+02
3.200000000000000000e+02 3.200000000000000178e+00 1.085363192249173325e+00 -5.074757871489604781e+02 -3.316469500045943732e+02 -3.316469500045943732e+02
3.300000000000000000e+02 3.300000000000000266e+00 1.069693272848602605e+00 -5.048024514609633684e+02 -3.315121412594897379e+02 -3.315121412594897379e+02
3.400000000000000000e+02 3.399999999999999911e+00 1.095591766121719379e+00 -5.087922839551035850e+02 -3.313064178433850202e+02 -3.313064178433850202e+02
3.500000000000000000e+02 3.500000000000000000e+00 1.039802072651654807e+00 -4.999476259398145999e+02 -3.314996901702464811e+02 -3.314996901702464811e+02
3.600000000000000000e+02 3.600000000000000089e+00 1.038619092892379081e+00 -4.997612949924908321e+02 -3.315050019439254356e+02 -3.315050019439254356e+02
3.700000000000000000e+02 3.700000000000000178e+00 1.240072942717888260e+00 -5.324781865801351159e+02 -3.315863698598371911e+02 -3.315863698598371911e+02
3.800000000000000000e+02 3.800000000000000266e+00 1.209929890030184252e+00 -5.276605078516250842e+02 -3.316518656667352616e+02 -3.316518656667352616e+02
3.900000000000000000e+02 3.899999999999999911e+00 1.144962927285908094e+00 -5.170331757656869058e+02 -3.315491815453698337e+02 -3.315491815453698337e+02
4.000000000000000000e+02 4.000000000000000000e+00 1.208174844021600247e+00 -5.272276125735965024e+02 -3.315032878420972793e+02 -3.315032878420972793e+02
4.100000000000000000e+02 4.099999999999999645e+00 1.110414165753267790e+00 -5.114630551108269856e+02 -3.315759602587976360e+02 -3.315759602587976360e+02
4.200000000000000000e+02 4.200000000000000178e+00 1.140022859794756593e+00 -5.161228494810778784e+02 -3.314391461943273498e+02 -3.314391461943273498e+02
4.300000000000000000e+02 4.299999999999999822e+00 1.153265760684618169e+00 -5.185177653084904250e+02 -3.316887120775822950e+02 -3.316887120775822950e+02
4.400000000000000000e+02 4.400000000000000355e+00 1.176501105319186502e+00 -5.223121555839027224e+02 -3.317189765221945095e+02 -3.317189765221945095e+02
4.500000000000000000e+02 4.500000000000000000e+00 1.069654528157635065e+00 -5.049494861075356198e+02 -3.316654525459987326e+02 -3.316654525459987326e+02
4.600000000000000000e+02 4.600000000000000533e+00 1.163228087357864649e+00 -5.201098711899403497e+02 -3.316669210379662900e+02 -3.316669210379662900e+02
4.700000000000000000e+02 4.700000000000000178e+00 1.115043416757361072e+00 -5.122046696829204393e+02 -3.315676361682279776e+02 -3.315676361682279776e+02
4.800000000000000000e+02 4.799999999999999822e+00 1.103216182344159302e+00 -5.103976239143044609e+02 -3.316766023745506686e+02 -3.316766023745506686e+02
4.900000000000000000e+02 4.900000000000000355e+00 1.097516726970104051e+00 -5.091306790559926867e+02 -3.313329692868358052e+02 -3.313329692868358052e+02
5.000000000000000000e+02 5.000000000000000000e+00 1.133599736839196792e+00 -5.151988193472957391e+02 -3.315556619793458708e+02 -3.315556619793458708e+02
5.100000000000000000e+02 5.100000000000000533e+00 1.161964407048594383e+00 -5.199372146032304727e+02 -3.316989806613581777e+02 -3.316989806613581777e+02
5.200000000000000000e+02 5.200000000000000178e+00 1.031749683161724329e+00 -4.984641018442001723e+02 -3.313206531720007888e+02 -3.313206531720007888e+02
5.300000000000000000e+02 5.299999999999999822e+00 1.152852773907912853e+00 -5.183254579666522659e+02 -3.315633085935703548e+02 -3.315633085935703548e+02
5.400000000000000000e+02 5.400000000000000355e+00 1.203644559167090788e+00 -5.264968962115424347e+02 -3.315064776264737247e+02 -3.315064776264737247e+02
5.500000000000000000e+02 5.500000000000000000e+00 1.094048529540131209e+00 -5.085629530965226763e+02 -3.313270913110214337e+02 -3.313270913110214337e+02
5.600000000000000000e+02 5.600000000000000533e+00 1.158023740208002916e+00 -5.188681906955414433e+02 -3.312683447818449736e+02 -3.312683447818449736e+02
5.700000000000000000e+02 5.700000000000000178e+00 1.233907674092910689e+00 -5.315697729645850131e+02 -3.316767297615334655e+02 -3.316767297615334655e+02
5.800000000000000000e+02 5.799999999999999822e+00 1.174081591071892916e+00 -5.215666081128713358e+02 -3.313653903592246479e+02 -3.313653903592246479e+02
5.900000000000000000e+02 5.900000000000000355e+00 1.150283103966466713e+00 -5.181191681409127341e+02 -3.317733052983451216e+02 -3.317733052983451216e+02
6.000000000000000000e+02 6.000000000000000000e+00 1.154196231271856998e+00 -5.185042796902225746e+02 -3.315244902241817044e+02 -3.315244902241817044e+02
6.100000000000000000e+02 6.100000000000000533e+00 1.123345200550276646e+00 -5.133688540466000632e+02 -3.313869315574552274e+02 -3.313869315574552274e+02
6.200000000000000000e+02 6.200000000000000178e+00 1.136080032985283816e+00 -5.154143803119360427e+02 -3.313694149683200294e+02 -3.313694149683200294e+02
6.300000000000000000e+02 6.299999999999999822e+00 1.067712752586227554e+00 -5.043128034331896856e+02 -3.313433375142208206e+02 -3.313433375142208206e+02
6.400000000000000000e+02 6.400000000000000355e+00 1.220948657777931601e+00 -5.293662826916888662e+02 -3.315726001316639895e+02 -3.315726001316639895e+02
6.500000000000000000e+02 6.500000000000000000e+00 1.138652551441851513e+00 -5.158314760257570697e+02 -3.313697626921771189e+02 -3.313697626921771189e+02
6.600000000000000000e+02 6.600000000000000533e+00 1.140832289149218637e+00 -5.163013564395218964e+02 -3.314865255973484750e+02 -3.314865255973484750e+02
6.700000000000000000e+02 6.700000000000000178e+00 1.250207738988479367e+00 -5.342474584498366994e+02 -3.317138047337030571e+02 -3.317138047337030571e+02
6.800000000000000000e+02 6.799999999999999822e+00 1.112196450186950125e+00 -5.116763603273091690e+02 -3.315005353970232136e+02 -3.315005353970232136e+02
6.900000000000000000e+02 6.900000000000000355e+00 1.220119181196161806e+00 -5.293747886437602119e+02 -3.317154812899819945e+02 -3.317154812899819945e+02
7.000000000000000000e+02 7.000000000000000000e+00 1.107544734568584932e+00 -5.109407592357668477e+02 -3.315185122356560896e+02 -3.315185122356560896e+02
7.100000000000000000e+02 7.100000000000000533e+00 1.140058948616265333e+00 -5.162397537939956464e+02 -3.315502041181606501e+02 -3.315502041181606501e+02
7.200000000000000000e+02 7.200000000000000178e+00 1.129751135889972558e+00 -5.145371144344119330e+02 -3.315174304202363942e+02 -3.315174304202363942e+02
7.300000000000000000e+02 7.299999999999999822e+00 1.180898966056404209e+00 -5.227469603695759588e+02 -3.314413278684384636e+02 -3.314413278684384636e+02
7.400000000000000000e+02 7.400000000000000355e+00 1.163078596571497147e+00 -5.199112357472648682e+02 -3.314925031026823490e+02 -3.314925031026823490e+02
7.500000000000000000e+02 7.500000000000000000e+00 1.082406436309677700e+00 -5.068923097574013354e+02 -3.315424670752335601e+02 -3.315424670752335601e+02
7.600000000000000000e+02 7.600000000000000533e+00 1.088102379485896831e+00 -5.080238372718777100e+02 -3.317512517951624318e+02 -3.317512517951624318e+02
7.700000000000000000e+02 7.700000000000000178e+00 1.220497526505661900e+00 -5.291535255647471558e+02 -3.314329262708299666e+02 -3.314329262708299666e+02
7.800000000000000000e+02 7.799999999999999822e+00 1.219097017878462808e+00 -5.293054163699658830e+02 -3.318116994736549259e+02 -3.318116994736549259e+02
7.900000000000000000e+02 7.900000000000000355e+00 1.232054346233664832e+00 -5.312333824552513306e+02 -3.316405783653976300e+02 -3.316405783653976300e+02
8.000000000000000000e+02 8.000000000000000000e+00 1.213712434021691156e+00 -5.283877014735112425e+02 -3.317662871619972975e+02 -3.317662871619972975e+02
8.100000000000000000e+02 8.099999999999999645e+00 1.164142749295433044e+00 -5.200718500693725446e+02 -3.314807246835123919e+02 -3.314807246835123919e+02
8.200000000000000000e+02 8.199999999999999289e+00 1.185930132628409517e+00 -5.237934395237463150e+02 -3.316727580379439360e+02 -3.316727580379439360e+02
8.300000000000000000e+02 8.300000000000000711e+00 1.083142332149121367e+00 -5.067972083758128861e+02 -3.313281505676552570e+02 -3.313281505676552570e+02
8.400000000000000000e+02 8.400000000000000355e+00 1.093422041263108158e+00 -5.085633345030215651e+02 -3.314289638183980742e+02 -3.314289638183980742e+02
8.500000000000000000e+02 8.500000000000000000e+00 1.107315313920016253e+00 -5.109115186653191927e+02 -3.315264378102765477e+02 -3.315264378102765477e+02
8.600000000000000000e+02 8.599999999999999645e+00 1.203312268418360587e+00 -5.269410495565180099e+02 -3.320044620727435927e+02 -3.320044620727435927e+02
8.700000000000000000e+02 8.700000000000001066e+00 1.146021498825649187e+00 -5.173511703579595178e+02 -3.316956875482043188e+02 -3.316956875482043188e+02
8.800000000000000000e+02 8.800000000000000711e+00 1.149356702135249098e+00 -5.178765525878778817e+02 -3.316807668419675110e+02 -3.316807668419675110e+02
8.900000000000000000e+02 8.900000000000000355e+00 1.057768803818575076e+00 -5.029653101564842359e+02 -3.316067639378750869e+02 -3.316067639378750869e+02
9.000000000000000000e+02 9.000000000000000000e+00 1.145386683322584531e+00 -5.170708959090655981e+02 -3.315182532108069040e+02 -3.315182532108069040e+02
9.100000000000000000e+02 9.099999999999999645e+00 1.238057579799264341e+00 -5.322012276659119152e+02 -3.316358997384311351e+02 -3.316358997384311351e+02
9.200000000000000000e+02 9.200000000000001066e+00 1.272671200113796308e+00 -5.380361784718188574e+02 -3.318634440533838870e+02 -3.318634440533838870e+02
9.300000000000000000e+02 9.300000000000000711e+00 1.161057437867812903e+00 -5.197513571796072256e+02 -3.316600522450215180e+02 -3.316600522450215180e+02
9.400000000000000000e+02 9.400000000000000355e+00 1.141723864091660046e+00 -5.166556726978161578e+02 -3.316964067149672246e+02 -3.316964067149672246e+02
9.500000000000000000e+02 9.500000000000000000e+00 1.260880961088943542e+00 -5.360279409475218699e+02 -3.317652252511130087e+02 -3.317652252511130087e+02
9.600000000000000000e+02 9.599999999999999645e+00 1.193614167842934171e+00 -5.249626029315580809e+02 -3.315971077410027874e+02 -3.315971077410027874e+02
9.700000000000000000e+02 9.700000000000001066e+00 1.147967989344296447e+00 -5.174628466285583954e+02 -3.314920323547823955e+02 -3.314920323547823955e+02
9.800000000000000000e+02 9.800000000000000711e+00 1.153745733400851625e+00 -5.184375275634280342e+02 -3.315307187524900883e+02 -3.315307187524900883e+02
9.900000000000000000e+02 9.900000000000000355e+00 1.017626513041582026e+00 -4.962413069188428949e+02 -3.313858118061066307e+02 -3.313858118061066307e+02
1.000000000000000000e+03 1.000000000000000000e+01 1.199776877547046761e+00 -5.259137747840754855e+02 -3.315499206214539072e+02 -3.315499206214539072e+02
