1.000000000000000000e+01 1.000000000000000056e-01 3.338354934178207056e-01 -6.105044000928795640e+02 -5.564230501591925986e+02 -5.564230501591925986e+02
2.000000000000000000e+01 2.000000000000000111e-01 3.519689654674877377e-01 -6.136419564783418537e+02 -5.566229840726088014e+02 -5.566229840726088014e+02
3.000000000000000000e+01 2.999999999999999889e-01 4.057531815366171024e-01 -6.223655799956338797e+02 -5.566335645867019366e+02 -5.566335645867019366e+02
4.000000000000000000e+01 4.000000000000000222e-01 3.892196648826982130e-01 -6.196983780766777272e+02 -5.566447923656805870e+02 -5.566447923656805870e+02
5.000000000000000000e+01 5.000000000000000000e-01 3.757480937651501707e-01 -6.174986026285707794e+02 -5.566274114386164911e+02 -5.566274114386164911e+02
6.000000000000000000e+01 5.999999999999999778e-01 4.315299063546397251e-01 -6.265444415192832821e+02 -5.566365966898316628e+02 -5.566365966898316628e+02
7.000000000000000000e+01 7.000000000000000666e-01 4.483388585109441271e-01 -6.292426771360400153e+02 -5.566117820572670780e+02 -5.566117820572670780e+02
8.000000000000000000e+01 8.000000000000000444e-01 4.450022348591576304e-01 -6.287133263068570841e+02 -5.566229642596736085e+02 -5.566229642596736085e+02
9.000000000000000000e+01 9.000000000000000222e-01 4.048215917069680758e-01 -6.222223843130832392e+02 -5.566412864565544396e+02 -5.566412864565544396e+02
1.000000000000000000e+02 1.000000000000000000e+00 4.459984239265244454e-01 -6.288795723669917379e+02 -5.566278276908947191e+02 -5.566278276908947191e+02
1.100000000000000000e+02 1.100000000000000089e+00 4.193246163340689225e-01 -6.245463611212556998e+02 -5.566157732751365756e+02 -5.566157732751365756e+02
1.200000000000000000e+02 1.199999999999999956e+00 4.381689042916414589e-01 -6.276083393363932146e+02 -5.566249768411472587e+02 -5.566249768411472587e+02
1.300000000000000000e+02 1.300000000000000044e+00 4.284263384484197079e-01 -6.260110692749275358e+02 -5.566060024462835827e+02 -5.566060024462835827e+02
1.400000000000000000e+02 1.400000000000000133e+00 3.972624444546961064e-01 -6.209626674794743622e+02 -5.566061514778135688e+02 -5.566061514778135688e+02
1.500000000000000000e+02 1.500000000000000000e+00 4.510953961168912008e-01 -6.297030110054364513e+02 -5.566255568345001166e+02 -5.566255568345001166e+02
1.600000000000000000e+02 1.600000000000000089e+00 4.403346405633496441e-01 -6.279659652175761266e+02 -5.566317534463134962e+02 -5.566317534463134962e+02
1.700000000000000000e+02 1.699999999999999956e+00 4.226278011819787905e-01 -6.250730656190712580e+02 -5.566073618275906938e+02 -5.566073618275906938e+02
1.800000000000000000e+02 1.800000000000000044e+00 4.663320357641686509e-01 -6.321518445017444492e+02 -5.566060547079491698e+02 -5.566060547079491698e+02
1.900000000000000000e+02 1.900000000000000133e+00 4.174396677028778813e-01 -6.241871448564972980e+02 -5.565619186886310672e+02 -5.565619186886310672e+02
2.000000000000000000e+02 2.000000000000000000e+00 4.527370045974141721e-01 -6.299520551789958063e+02 -5.566086604342146984e+02 -5.566086604342146984e+02
2.100000000000000000e+02 2.100000000000000089e+00 4.015421915624165505e-01 -6.216393080152204220e+02 -5.565894729821089868e+02 -5.565894729821089868e+02
2.200000000000000000e+02 2.200000000000000178e+00 4.083384314409550520e-01 -6.227326550721546710e+02 -5.565818291787199996e+02 -5.565818291787199996e+02
2.300000000000000000e+02 2.300000000000000266e+00 4.305924837325130761e-01 -6.263623779178744826e+02 -5.566063955532073351e+02 -5.566063955532073351e+02
2.400000000000000000e+02 2.399999999999999911e+00 3.978366046653564747e-01 -6.210209525816823088e+02 -5.565714226258945700e+02 -5.565714226258945700e+02
2.500000000000000000e+02 2.500000000000000000e+00 4.408617507123154811e-01 -6.280540618399255663e+02 -5.566344582245304764e+02 -5.566344582245304764e+02
2.600000000000000000e+02 2.600000000000000089e+00 4.124667625342129385e-01 -6.234484258385975863e+02 -5.566288103080551082e+02 -5.566288103080551082e+02
2.700000000000000000e+02 2.700000000000000178e+00 4.443147911755807034e-01 -6.285918071434233525e+02 -5.566128109729793323e+02 -5.566128109729793323e+02
2.800000000000000000e+02 2.800000000000000266e+00 4.411735057769031187e-01 -6.280774680424118515e+02 -5.566073601065535286e+02 -5.566073601065535286e+02
2.900000000000000000e+02 2.899999999999999911e+00 4.376791321251581324e-01 -6.275278622502640928e+02 -5.566238428459885199e+02 -5.566238428459885199e+02
3.000000000000000000e+02 3.000000000000000000e+00 4.248318205555196014e-01 -6.254101570780441079e+02 -5.565874021480499323e+02 -5.565874021480499323e+02
3.100000000000000000e+02 3.100000000000000089e+00 4.135801221990131338e-01 -6.235737329672963369e+02 -5.565737531710561825e+02 -5.565737531710561825e+02
3.200000000000000000e+02 3.200000000000000178e+00 4.236408091451379088e-01 -6.252592980434317269e+02 -5.566294869619193832e+02 -5.566294869619193832e+02
3.300000000000000000e+02 3.300000000000000266e+00 4.253571261289692540e-01 -6.255449810311793044e+02 -5.566371265982862724e+02 -5.566371265982862724e+02
3.400000000000000000e+02 3.399999999999999911e+00 4.451677751866401911e-01 -6.287129182835348047e+02 -5.565957387032990482e+02 -5.565957387032990482e+02
3.500000000000000000e+02 3.500000000000000000e+00 4.449861522472107755e-01 -6.286967546660092694e+02 -5.566089980019611403e+02 -5.566089980019611403e+02
3.600000000000000000e+02 3.600000000000000089e+00 3.962574390028036353e-01 -6.207732650313962495e+02 -5.565795599129420452e+02 -5.565795599129420452e+02
3.700000000000000000e+02 3.700000000000000178e+00 4.196532335990061924e-01 -6.245794095779660893e+02 -5.565955857349271128e+02 -5.565955857349271128e+02
3.800000000000000000e+02 3.800000000000000266e+00 4.400894704360624465e-01 -6.278929749710163151e+02 -5.565984807603741729e+02 -5.565984807603741729e+02
3.900000000000000000e+02 3.899999999999999911e+00 3.949931615706257504e-01 -6.205715343661963743e+02 -5.565826421917549851e+02 -5.565826421917549851e+02
4.000000000000000000e+02 4.000000000000000000e+00 4.492311243931603748e-01 -6.294363200391844657e+02 -5.566608778874924610e+02 -5.566608778874924610e+02
4.100000000000000000e+02 4.099999999999999645e+00 4.519748841298674158e-01 -6.298709719364304647e+02 -5.566510407073919851e+02 -5.566510407073919851e+02
4.200000000000000000e+02 4.200000000000000178e+00 4.377202607989489347e-01 -6.275482735409395900e+02 -5.566375912915098070e+02 -5.566375912915098070e+02
4.300000000000000000e+02 4.299999999999999822e+00 4.489700586243856040e-01 -6.294011061035067769e+02 -5.566679566063562561e+02 -5.566679566063562561e+02
4.400000000000000000e+02 4.400000000000000355e+00 4.334204359136387130e-01 -6.268460875772448162e+02 -5.566319769592353168e+02 -5.566319769592353168e+02
4.500000000000000000e+02 4.500000000000000000e+00 4.581521379883837786e-01 -6.308630479234245740e+02 -5.566424015693064575e+02 -5.566424015693064575e+02
4.600000000000000000e+02 4.600000000000000533e+00 3.994096370639669824e-01 -6.213548759699812081e+02 -5.566505147656185954e+02 -5.566505147656185954e+02
4.700000000000000000e+02 4.700000000000000178e+00 4.278159889027056129e-01 -6.259817957395201802e+02 -5.566756055372818537e+02 -5.566756055372818537e+02
4.800000000000000000e+02 4.799999999999999822e+00 4.646552472610688267e-01 -6.318796375422721212e+02 -5.566054874859789834e+02 -5.566054874859789834e+02
4.900000000000000000e+02 4.900000000000000355e+00 3.977843092258365187e-01 -6.210347491691150026e+02 -5.565936910745294881e+02 -5.565936910745294881e+02
5.000000000000000000e+02 5.000000000000000000e+00 4.046126416046467167e-01 -6.221521186143296518e+02 -5.566048706743769117e+02 -5.566048706743769117e+02
5.100000000000000000e+02 5.100000000000000533e+00 4.225222979855061123e-01 -6.250637536668106122e+02 -5.566151413931586376e+02 -5.566151413931586376e+02
5.200000000000000000e+02 5.200000000000000178e+00 4.656715138785080255e-01 -6.320526960414174482e+02 -5.566139107930991941e+02 -5.566139107930991941e+02
5.300000000000000000e+02 5.299999999999999822e+00 4.240374465792878800e-01 -6.253138441828346004e+02 -5.566197778369900107e+02 -5.566197778369900107e+02
5.400000000000000000e+02 5.400000000000000355e+00 4.422633128904013278e-01 -6.283280014428071354e+02 -5.566813447545621329e+02 -5.566813447545621329e+02
5.500000000000000000e+02 5.500000000000000000e+00 4.164928174737538846e-01 -6.241068593349524463e+02 -5.566350229042043338e+02 -5.566350229042043338e+02
5.600000000000000000e+02 5.600000000000000533e+00 4.371549660670749349e-01 -6.274730450914782978e+02 -5.566539405886121585e+02 -5.566539405886121585e+02
5.700000000000000000e+02 5.700000000000000178e+00 4.145253926584269721e-01 -6.237874337486550758e+02 -5.566343201379899028e+02 -5.566343201379899028e+02
5.800000000000000000e+02 5.799999999999999822e+00 3.989609670881988923e-01 -6.212610512309479418e+02 -5.566293745626596774e+02 -5.566293745626596774e+02
5.900000000000000000e+02 5.900000000000000355e+00 3.991014385717919222e-01 -6.212599689524123505e+02 -5.566055359037820836e+02 -5.566055359037820836e+02
6.000000000000000000e+02 6.000000000000000000e+00 4.441825594233356767e-01 -6.286258420028945011e+02 -5.566682673763141338e+02 -5.566682673763141338e+02
6.100000000000000000e+02 6.100000000000000533e+00 4.046279011761474975e-01 -6.221294517555658103e+02 -5.565797317650299192e+02 -5.565797317650299192e+02
6.200000000000000000e+02 6.200000000000000178e+00 4.632770268462754193e-01 -6.316972557358379845e+02 -5.566463773867413920e+02 -5.566463773867413920e+02
6.300000000000000000e+02 6.299999999999999822e+00 4.176623609915308122e-01 -6.242693245550159418e+02 -5.566080220743879181e+02 -5.566080220743879181e+02
6.400000000000000000e+02 6.400000000000000355e+00 4.253456070386036902e-01 -6.255262797667862742e+02 -5.566202914265325035e+02 -5.566202914265325035e+02
6.500000000000000000e+02 6.500000000000000000e+00 4.088661434371170800e-01 -6.228076416920634983e+02 -5.565713264552505279e+02 -5.565713264552505279e+02
6.600000000000000000e+02 6.600000000000000533e+00 4.200683345824135495e-01 -6.246428407578819133e+02 -5.565917705555309567e+02 -5.565917705555309567e+02
6.700000000000000000e+02 6.700000000000000178e+00 4.454324500183328706e-01 -6.288140694247468900e+02 -5.566540125217769628e+02 -5.566540125217769628e+02
6.800000000000000000e+02 6.799999999999999822e+00 4.191544178647904628e-01 -6.245433699718737444e+02 -5.566403542777776465e+02 -5.566403542777776465e+02
6.900000000000000000e+02 6.900000000000000355e+00 4.662514676604218589e-01 -6.321798395715250081e+02 -5.566471018105366966e+02 -5.566471018105366966e+02
7.000000000000000000e+02 7.000000000000000000e+00 4.188171434038482910e-01 -6.244571699224412669e+02 -5.566087926910178112e+02 -5.566087926910178112e+02
7.100000000000000000e+02 7.100000000000000533e+00 4.598444255406989867e-01 -6.311366023708610555e+02 -5.566418054332677912e+02 -5.566418054332677912e+02
7.200000000000000000e+02 7.200000000000000178e+00 4.088445595317004577e-01 -6.228281666430499399e+02 -5.565953479989144626e+02 -5.565953479989144626e+02
7.300000000000000000e+02 7.299999999999999822e+00 4.362084070854592710e-01 -6.273084287168272795e+02 -5.566426667689828491e+02 -5.566426667689828491e+02
7.400000000000000000e+02 7.400000000000000355e+00 4.047792082009791237e-01 -6.221883683089768056e+02 -5.566141365804181760e+02 -5.566141365804181760e+02
7.500000000000000000e+02 7.500000000000000000e+00 4.244757380625305832e-01 -6.253310505200607849e+02 -5.565659809539308753e+02 -5.565659809539308753e+02
7.600000000000000000e+02 7.600000000000000533e+00 4.465288098573830244e-01 -6.289282849321648428e+02 -5.565906177352687791e+02 -5.565906177352687791e+02
7.700000000000000000e+02 7.700000000000000178e+00 4.771930972424578421e-01 -6.339689322193356702e+02 -5.566636504660575611e+02 -5.566636504660575611e+02
7.800000000000000000e+02 7.799999999999999822e+00 4.086027488874643954e-01 -6.227722176526376643e+02 -5.565785723328684753e+02 -5.565785723328684753e+02
7.900000000000000000e+02 7.900000000000000355e+00 4.619156947920460832e-01 -6.314716790381083911e+02 -5.566413364817968841e+02 -5.566413364817968841e+02
8.000000000000000000e+02 8.000000000000000000e+00 4.249339918015093143e-01 -6.254669133968703818e+02 -5.566276067250258848e+02 -5.566276067250258848e+02
8.100000000000000000e+02 8.099999999999999645e+00 4.504604246945122514e-01 -6.295953000202498515e+02 -5.566207112197388369e+02 -5.566207112197388369e+02
8.200000000000000000e+02 8.199999999999999289e+00 4.095735780935879644e-01 -6.229651976337319184e+02 -5.566142779825706839e+02 -5.566142779825706839e+02
8.300000000000000000e+02 8.300000000000000711e+00 3.950995184856249121e-01 -6.206293361133181179e+02 -5.566232141186468425e+02 -5.566232141186468425e+02
8.400000000000000000e+02 8.400000000000000355e+00 4.409272045933103068e-01 -6.280776318072751110e+02 -5.566474246631588585e+02 -5.566474246631588585e+02
8.500000000000000000e+02 8.500000000000000000e+00 4.138790189013478171e-01 -6.236295914616341634e+02 -5.565811903996158208e+02 -5.565811903996158208e+02
8.600000000000000000e+02 8.599999999999999645e+00 4.454468682307112237e-01 -6.287821396295831846e+02 -5.566197469762079209e+02 -5.566197469762079209e+02
8.700000000000000000e+02 8.700000000000001066e+00 4.212399939140220040e-01 -6.248635748414749287e+02 -5.566226958274033905e+02 -5.566226958274033905e+02
8.800000000000000000e+02 8.800000000000000711e+00 4.836587119819426572e-01 -6.350240376249471410e+02 -5.566713262838724177e+02 -5.566713262838724177e+02
8.900000000000000000e+02 8.900000000000000355e+00 4.446630548603705546e-01 -6.286583645740245174e+02 -5.566229496866444606e+02 -5.566229496866444606e+02
9.000000000000000000e+02 9.000000000000000000e+00 4.195840475647802936e-01 -6.245727497537257022e+02 -5.566001340482313253e+02 -5.566001340482313253e+02
9.100000000000000000e+02 9.099999999999999645e+00 4.103056827591322619e-01 -6.230783499847316307e+02 -5.566088293777521585e+02 -5.566088293777521585e+02
9.200000000000000000e+02 9.200000000000001066e+00 4.444693696452822751e-01 -6.285900605000400674e+02 -5.565860226175043408e+02 -5.565860226175043408e+02
9.300000000000000000e+02 9.300000000000000711e+00 5.012086225648395565e-01 -6.378636793527743976e+02 -5.566678824972703978e+02 -5.566678824972703978e+02
9.400000000000000000e+02 9.400000000000000355e+00 4.135125185413930926e-01 -6.236051628120284249e+02 -5.566161348083227267e+02 -5.566161348083227267e+02
9.500000000000000000e+02 9.500000000000000000e+00 4.275176008950343221e-01 -6.258479136591261067e+02 -5.565900623141305914e+02 -5.565900623141305914e+02
9.600000000000000000e+02 9.599999999999999645e+00 4.291813601747308526e-01 -6.261275437399719976e+02 -5.566001633916655464e+02 -5.566001633916655464e+02
9.700000000000000000e+02 9.700000000000001066e+00 4.055908362614506490e-01 -6.222850602696801161e+02 -5.565793447953251416e+02 -5.565793447953251416e+02
9.800000000000000000e+02 9.800000000000000711e+00 4.324739006837523547e-01 -6.266355221668644617e+02 -5.565747502560965358e+02 -5.565747502560965358e+02
9.900000000000000000e+02 9.900000000000000355e+00 4.846290469726723948e-01 -6.351053454538314327e+02 -5.565954398442585216e+02 -5.565954398442585216e+02
1.000000000000000000e+03 1.000000000000000000e+01 4.231130360891949271e-01 -6.251112330080762831e+02 -5.565669211616267376e+02 -5.565669211616267376e+02
