1.000000000000000000e+01 1.000000000000000056e-01 5.452866247368157865e-02 -6.751278766446658892e+02 -6.662942333239294612e+02 -6.662942333239294612e+02
2.000000000000000000e+01 2.000000000000000111e-01 2.856286657782783692e-02 -6.709232372604629973e+02 -6.662960528748549223e+02 -6.662960528748549223e+02
3.000000000000000000e+01 2.999999999999999889e-01 4.966235979313286114e-02 -6.743442813950755408e+02 -6.662989791085880142e+02 -6.662989791085880142e+02
4.000000000000000000e+01 4.000000000000000222e-01 5.852207171404640723e-02 -6.757799216781525047e+02 -6.662993460604769780e+02 -6.662993460604769780e+02
5.000000000000000000e+01 5.000000000000000000e-01 5.806748122795298700e-02 -6.757042847776942835e+02 -6.662973528187659440e+02 -6.662973528187659440e+02
6.000000000000000000e+01 5.999999999999999778e-01 5.751972323315701630e-02 -6.756166343270842845e+02 -6.662984391633128780e+02 -6.662984391633128780e+02
7.000000000000000000e+01 7.000000000000000666e-01 5.535318112005462726e-02 -6.752643400900698225e+02 -6.662971247486209450e+02 -6.662971247486209450e+02
8.000000000000000000e+01 8.000000000000000444e-01 5.948916202142352783e-02 -6.759352082558737038e+02 -6.662979640084031416e+02 -6.662979640084031416e+02
9.000000000000000000e+01 9.000000000000000222e-01 6.099224065766076924e-02 -6.761811191681209721e+02 -6.663003761815799635e+02 -6.663003761815799635e+02
1.000000000000000000e+02 1.000000000000000000e+00 5.044187554486399133e-02 -6.744686400789784102e+02 -6.662970562407103898e+02 -6.662970562407103898e+02
1.100000000000000000e+02 1.100000000000000089e+00 4.939338160720682658e-02 -6.743006794267962505e+02 -6.662989516064287727e+02 -6.662989516064287727e+02
1.200000000000000000e+02 1.199999999999999956e+00 5.491375317317010590e-02 -6.751935881802663744e+02 -6.662975601662128611e+02 -6.662975601662128611e+02
1.300000000000000000e+02 1.300000000000000044e+00 6.196804038271748472e-02 -6.763390456191192470e+02 -6.663002230771189716e+02 -6.663002230771189716e+02
1.400000000000000000e+02 1.400000000000000133e+00 5.816369404104987373e-02 -6.757206328557598454e+02 -6.662981144211097444e+02 -6.662981144211097444e+02
1.500000000000000000e+02 1.500000000000000000e+00 5.713519250637676128e-02 -6.755556848492161635e+02 -6.662997836631831206e+02 -6.662997836631831206e+02
1.600000000000000000e+02 1.600000000000000089e+00 5.115122304901018740e-02 -6.745839170671772536e+02 -6.662974189332376227e+02 -6.662974189332376227e+02
1.700000000000000000e+02 1.699999999999999956e+00 5.602679188693616974e-02 -6.753749756139906140e+02 -6.662986353283070002e+02 -6.662986353283070002e+02
1.800000000000000000e+02 1.800000000000000044e+00 6.145233342536415150e-02 -6.762552842107003244e+02 -6.663000061957912976e+02 -6.663000061957912976e+02
1.900000000000000000e+02 1.900000000000000133e+00 5.225372031693480135e-02 -6.747629811916534663e+02 -6.662978785003100484e+02 -6.662978785003100484e+02
2.000000000000000000e+02 2.000000000000000000e+00 5.273538337347113969e-02 -6.748409623855997097e+02 -6.662978302790974112e+02 -6.662978302790974112e+02
2.100000000000000000e+02 2.100000000000000089e+00 5.876928065806463763e-02 -6.758199563399651879e+02 -6.662993328733587077e+02 -6.662993328733587077e+02
2.200000000000000000e+02 2.200000000000000178e+00 5.742504475314050283e-02 -6.756013562842585998e+02 -6.662984990342498577e+02 -6.662984990342498577e+02
2.300000000000000000e+02 2.300000000000000266e+00 5.509658437399337499e-02 -6.752239715418982087e+02 -6.662983248733112305e+02 -6.662983248733112305e+02
2.400000000000000000e+02 2.399999999999999911e+00 5.679153837669215221e-02 -6.754995945308137379e+02 -6.662993653137896217e+02 -6.662993653137896217e+02
2.500000000000000000e+02 2.500000000000000000e+00 5.643135973082481077e-02 -6.754420613828468731e+02 -6.663001811064532376e+02 -6.663001811064532376e+02
2.600000000000000000e+02 2.600000000000000089e+00 5.332249516113209825e-02 -6.749364229713754639e+02 -6.662981787552720334e+02 -6.662981787552720334e+02
2.700000000000000000e+02 2.700000000000000178e+00 5.711437098967248049e-02 -6.755527582043096118e+02 -6.663002301039826989e+02 -6.663002301039826989e+02
2.800000000000000000e+02 2.800000000000000266e+00 5.186063108091723550e-02 -6.746985666447053518e+02 -6.662971444095967399e+02 -6.662971444095967399e+02
2.900000000000000000e+02 2.899999999999999911e+00 5.672344391321185869e-02 -6.754885047962459339e+02 -6.662993068823055864e+02 -6.662993068823055864e+02
3.000000000000000000e+02 3.000000000000000000e+00 6.064548575745865727e-02 -6.761242275043216523e+02 -6.662996588116133125e+02 -6.662996588116133125e+02
3.100000000000000000e+02 3.100000000000000089e+00 5.585913537615103813e-02 -6.753481056931589137e+02 -6.662989257622224386e+02 -6.662989257622224386e+02
3.200000000000000000e+02 3.200000000000000178e+00 5.534057705323751353e-02 -6.752652327172529567e+02 -6.663000592346285202e+02 -6.663000592346285202e+02
3.300000000000000000e+02 3.300000000000000266e+00 5.535002198421960090e-02 -6.752655801395355866e+02 -6.662988765780920630e+02 -6.662988765780920630e+02
3.400000000000000000e+02 3.399999999999999911e+00 5.375951885899839244e-02 -6.750094363822705645e+02 -6.663003943271128264e+02 -6.663003943271128264e+02
3.500000000000000000e+02 3.500000000000000000e+00 5.317465590092410738e-02 -6.749114220512183238e+02 -6.662971277952685796e+02 -6.662971277952685796e+02
3.600000000000000000e+02 3.600000000000000089e+00 6.347397015603439829e-02 -6.765833410975142215e+02 -6.663005579322366430e+02 -6.663005579322366430e+02
3.700000000000000000e+02 3.700000000000000178e+00 5.799164751551270230e-02 -6.756927592800248021e+02 -6.662981123825117038e+02 -6.662981123825117038e+02
3.800000000000000000e+02 3.800000000000000266e+00 5.237657955314786729e-02 -6.747841347332505393e+02 -6.662991288456405528e+02 -6.662991288456405528e+02
3.900000000000000000e+02 3.899999999999999911e+00 5.084848669854368647e-02 -6.745351356007037111e+02 -6.662976807555396590e+02 -6.662976807555396590e+02
4.000000000000000000e+02 4.000000000000000000e+00 5.776109233733114218e-02 -6.756572971755108483e+02 -6.663000002168631681e+02 -6.663000002168631681e+02
4.100000000000000000e+02 4.099999999999999645e+00 5.556495578104544975e-02 -6.752987601942251104e+02 -6.662972373576957352e+02 -6.662972373576957352e+02
4.200000000000000000e+02 4.200000000000000178e+00 5.717488275871216580e-02 -6.755618683018294632e+02 -6.662995372949180819e+02 -6.662995372949180819e+02
4.300000000000000000e+02 4.299999999999999822e+00 5.701423116989387530e-02 -6.755354665845975433e+02 -6.662991611350747689e+02 -6.662991611350747689e+02
4.400000000000000000e+02 4.400000000000000355e+00 5.643683422401560984e-02 -6.754408205825931191e+02 -6.662980534383026452e+02 -6.662980534383026452e+02
4.500000000000000000e+02 4.500000000000000000e+00 5.823599624637530725e-02 -6.757331794751432881e+02 -6.662989480832304707e+02 -6.662989480832304707e+02
4.600000000000000000e+02 4.600000000000000533e+00 5.545154383756308730e-02 -6.752808859302087967e+02 -6.662977358285236278e+02 -6.662977358285236278e+02
4.700000000000000000e+02 4.700000000000000178e+00 5.392606390377917280e-02 -6.750344843138863098e+02 -6.662984619614741177e+02 -6.662984619614741177e+02
4.800000000000000000e+02 4.799999999999999822e+00 5.148750907061108717e-02 -6.746378765725122548e+02 -6.662969001030733125e+02 -6.662969001030733125e+02
4.900000000000000000e+02 4.900000000000000355e+00 6.012462595264084220e-02 -6.760407357239733983e+02 -6.663005463196456049e+02 -6.663005463196456049e+02
5.000000000000000000e+02 5.000000000000000000e+00 5.815691904150414870e-02 -6.757188525405706514e+02 -6.662974316558469354e+02 -6.662974316558469354e+02
5.100000000000000000e+02 5.100000000000000533e+00 5.591079435695745642e-02 -6.753559961007520087e+02 -6.662984474149249081e+02 -6.662984474149249081e+02
5.200000000000000000e+02 5.200000000000000178e+00 5.327597312869360863e-02 -6.749278778964159073e+02 -6.662971702495675572e+02 -6.662971702495675572e+02
5.300000000000000000e+02 5.299999999999999822e+00 5.392038238216362300e-02 -6.750328599323087246e+02 -6.662977579863982101e+02 -6.662977579863982101e+02
5.400000000000000000e+02 5.400000000000000355e+00 5.756343680473686303e-02 -6.756238745881822751e+02 -6.662985978258149089e+02 -6.662985978258149089e+02
5.500000000000000000e+02 5.500000000000000000e+00 5.672909344098893414e-02 -6.754882923207153453e+02 -6.662981791832751242e+02 -6.662981791832751242e+02
5.600000000000000000e+02 5.600000000000000533e+00 5.314147876170974283e-02 -6.749056390571914790e+02 -6.662967194977944700e+02 -6.662967194977944700e+02
5.700000000000000000e+02 5.700000000000000178e+00 5.498940667485707062e-02 -6.752067465575920551e+02 -6.662984626762652169e+02 -6.662984626762652169e+02
5.800000000000000000e+02 5.799999999999999822e+00 5.655477098663191232e-02 -6.754604778389392550e+02 -6.662986049391048482e+02 -6.662986049391048482e+02
5.900000000000000000e+02 5.900000000000000355e+00 5.887033578279179252e-02 -6.758359839312859094e+02 -6.662989895344736624e+02 -6.662989895344736624e+02
6.000000000000000000e+02 6.000000000000000000e+00 5.660970356301867068e-02 -6.754685544309063516e+02 -6.662977824536973230e+02 -6.662977824536973230e+02
6.100000000000000000e+02 6.100000000000000533e+00 5.598588914625225732e-02 -6.753697422162105113e+02 -6.663000281745175926e+02 -6.663000281745175926e+02
6.200000000000000000e+02 6.200000000000000178e+00 5.216062413941201237e-02 -6.747472082665964308e+02 -6.662971871560116597e+02 -6.662971871560116597e+02
6.300000000000000000e+02 6.299999999999999822e+00 5.536930768614571619e-02 -6.752681200101210379e+02 -6.662982921649654600e+02 -6.662982921649654600e+02
6.400000000000000000e+02 6.400000000000000355e+00 5.939816485881572322e-02 -6.759223090609820019e+02 -6.662998063538539100e+02 -6.662998063538539100e+02
6.500000000000000000e+02 6.500000000000000000e+00 5.730262511539551545e-02 -6.755817812388239645e+02 -6.662987559701299460e+02 -6.662987559701299460e+02
6.600000000000000000e+02 6.600000000000000533e+00 5.438342310406936442e-02 -6.751076667160486977e+02 -6.662975521731895014e+02 -6.662975521731895014e+02
6.700000000000000000e+02 6.700000000000000178e+00 5.632438186890314363e-02 -6.754235600404168736e+02 -6.662990101776545089e+02 -6.662990101776545089e+02
6.800000000000000000e+02 6.799999999999999822e+00 5.567434457908224804e-02 -6.753171477375831273e+02 -6.662979039157718262e+02 -6.662979039157718262e+02
6.900000000000000000e+02 6.900000000000000355e+00 5.838551281939106941e-02 -6.757573039753498279e+02 -6.662988508986085208e+02 -6.662988508986085208e+02
7.000000000000000000e+02 7.000000000000000000e+00 5.647817705236939795e-02 -6.754479973255514551e+02 -6.662985326430675741e+02 -6.662985326430675741e+02
7.100000000000000000e+02 7.100000000000000533e+00 5.213030852668440462e-02 -6.747422082701704085e+02 -6.662970982888475646e+02 -6.662970982888475646e+02
7.200000000000000000e+02 7.200000000000000178e+00 5.477505792613703711e-02 -6.751713790422959391e+02 -6.662978196582616874e+02 -6.662978196582616874e+02
7.300000000000000000e+02 7.299999999999999822e+00 5.910227886254407897e-02 -6.758717765418044792e+02 -6.662972073660723709e+02 -6.662972073660723709e+02
7.400000000000000000e+02 7.400000000000000355e+00 5.931722510452416830e-02 -6.759096729481498187e+02 -6.663002824812168683e+02 -6.663002824812168683e+02
7.500000000000000000e+02 7.500000000000000000e+00 4.950448146301113239e-02 -6.743157410667002978e+02 -6.662960150696925439e+02 -6.662960150696925439e+02
7.600000000000000000e+02 7.600000000000000533e+00 5.676128273882953545e-02 -6.754950212236722109e+02 -6.662996934199818497e+02 -6.662996934199818497e+02
7.700000000000000000e+02 7.700000000000000178e+00 5.792558144062552594e-02 -6.756827087050201044e+02 -6.662987645116387512e+02 -6.662987645116387512e+02
7.800000000000000000e+02 7.799999999999999822e+00 5.658892215103462214e-02 -6.754659831944712778e+02 -6.662985778060036637e+02 -6.662985778060036637e+02
7.900000000000000000e+02 7.900000000000000355e+00 5.839685892107883414e-02 -6.757592345524210486e+02 -6.662989434072062522e+02 -6.662989434072062522e+02
8.000000000000000000e+02 8.000000000000000000e+00 5.533171473943956920e-02 -6.752628100263515307e+02 -6.662990722385623030e+02 -6.662990722385623030e+02
8.100000000000000000e+02 8.099999999999999645e+00 5.263877370177846154e-02 -6.748247759168156108e+02 -6.662972945771274453e+02 -6.662972945771274453e+02
8.200000000000000000e+02 8.199999999999999289e+00 5.960053780338259166e-02 -6.759556153190244459e+02 -6.663003281948764425e+02 -6.663003281948764425e+02
8.300000000000000000e+02 8.300000000000000711e+00 5.485055903047015430e-02 -6.751831360134784745e+02 -6.662973454505422524e+02 -6.662973454505422524e+02
8.400000000000000000e+02 8.400000000000000355e+00 5.629157824704121571e-02 -6.754187956018378145e+02 -6.662995599258171069e+02 -6.662995599258171069e+02
8.500000000000000000e+02 8.500000000000000000e+00 5.480118125757958009e-02 -6.751759493580723301e+02 -6.662981579943444785e+02 -6.662981579943444785e+02
8.600000000000000000e+02 8.599999999999999645e+00 5.559020160605833427e-02 -6.753045217962467177e+02 -6.662989091360652765e+02 -6.662989091360652765e+02
8.700000000000000000e+02 8.700000000000001066e+00 5.523803658828475155e-02 -6.752471898083445012e+02 -6.662986278810424210e+02 -6.662986278810424210e+02
8.800000000000000000e+02 8.800000000000000711e+00 5.544479329693469127e-02 -6.752807961752660049e+02 -6.662987396611625854e+02 -6.662987396611625854e+02
8.900000000000000000e+02 8.900000000000000355e+00 5.524285105569853166e-02 -6.752483445367208788e+02 -6.662990026656976852e+02 -6.662990026656976852e+02
9.000000000000000000e+02 9.000000000000000000e+00 5.609267179710879930e-02 -6.753842751216188844e+02 -6.662972622904873106e+02 -6.662972622904873106e+02
9.100000000000000000e+02 9.099999999999999645e+00 6.073639759194654486e-02 -6.761395866384414148e+02 -6.663002902285460323e+02 -6.663002902285460323e+02
9.200000000000000000e+02 9.200000000000001066e+00 5.486793607926693239e-02 -6.751869182969704752e+02 -6.662983126521291979e+02 -6.662983126521291979e+02
9.300000000000000000e+02 9.300000000000000711e+00 5.290222578751210131e-02 -6.748673947790822467e+02 -6.662972342015052618e+02 -6.662972342015052618e+02
9.400000000000000000e+02 9.400000000000000355e+00 5.610296944590171392e-02 -6.753881287549313583e+02 -6.662994477046952397e+02 -6.662994477046952397e+02
9.500000000000000000e+02 9.500000000000000000e+00 5.475165448518410499e-02 -6.751675556995335228e+02 -6.662977876729337368e+02 -6.662977876729337368e+02
9.600000000000000000e+02 9.599999999999999645e+00 5.775039527028422853e-02 -6.756544750226711358e+02 -6.662989109888850408e+02 -6.662989109888850408e+02
9.700000000000000000e+02 9.700000000000001066e+00 5.845066903111204720e-02 -6.757681990906914962e+02 -6.662991907076512916e+02 -6.662991907076512916e+02
9.800000000000000000e+02 9.800000000000000711e+00 5.353451996659334966e-02 -6.749712340554247021e+02 -6.662986418208365649e+02 -6.662986418208365649e+02
9.900000000000000000e+02 9.900000000000000355e+00 5.328119402005111055e-02 -6.749289869935590787e+02 -6.662974335623107436e+02 -6.662974335623107436e+02
1.000000000000000000e+03 1.000000000000000000e+01 5.851317739663907530e-02 -6.757803927479267259e+02 -6.663012580096711872e+02 -6.663012580096711872e+02
