1.000000000000000000e+01 1.000000000000000056e-01 4.821127664982813310e-01 -5.855600378804275579e+02 -5.074577697077060066e+02 -5.074577697077060066e+02
2.000000000000000000e+01 2.000000000000000111e-01 5.237177909549349808e-01 -5.924707078021750704e+02 -5.076284256674755966e+02 -5.076284256674755966e+02
3.000000000000000000e+01 2.999999999999999889e-01 5.588484343607674765e-01 -5.981670487227131616e+02 -5.076336023562688524e+02 -5.076336023562688524e+02
4.000000000000000000e+01 4.000000000000000222e-01 5.498445835783143387e-01 -5.966885782714958850e+02 -5.076137557318089648e+02 -5.076137557318089648e+02
5.000000000000000000e+01 5.000000000000000000e-01 4.806248394005241398e-01 -5.853284647101764904e+02 -5.074672407272915962e+02 -5.074672407272915962e+02
6.000000000000000000e+01 5.999999999999999778e-01 5.872335175712519728e-01 -6.027810197621793122e+02 -5.076491899156364980e+02 -5.076491899156364980e+02
7.000000000000000000e+01 7.000000000000000666e-01 5.691786716657413203e-01 -5.998339259723762780e+02 -5.076269811625261923e+02 -5.076269811625261923e+02
8.000000000000000000e+01 8.000000000000000444e-01 6.453272338549302933e-01 -6.122231335635096912e+02 -5.076801216790109947e+02 -5.076801216790109947e+02
9.000000000000000000e+01 9.000000000000000222e-01 5.951724231679147437e-01 -6.040319728225741756e+02 -5.076140402693719693e+02 -5.076140402693719693e+02
1.000000000000000000e+02 1.000000000000000000e+00 6.247164032905578868e-01 -6.088882486048239571e+02 -5.076841912717535479e+02 -5.076841912717535479e+02
1.100000000000000000e+02 1.100000000000000089e+00 5.675150346266384371e-01 -5.996019347588336359e+02 -5.076644991493182033e+02 -5.076644991493182033e+02
1.200000000000000000e+02 1.199999999999999956e+00 6.608122062638778216e-01 -6.147111576948911988e+02 -5.076595802801430182e+02 -5.076595802801430182e+02
1.300000000000000000e+02 1.300000000000000044e+00 6.210546072713478694e-01 -6.082398501327903659e+02 -5.076290037548320129e+02 -5.076290037548320129e+02
1.400000000000000000e+02 1.400000000000000133e+00 6.183154398108512417e-01 -6.078124444376614974e+02 -5.076453431883036274e+02 -5.076453431883036274e+02
1.500000000000000000e+02 1.500000000000000000e+00 5.812684099606829635e-01 -6.017993595411696788e+02 -5.076338771275390513e+02 -5.076338771275390513e+02
1.600000000000000000e+02 1.600000000000000089e+00 5.435812060327347428e-01 -5.957566437534107990e+02 -5.076964883761077658e+02 -5.076964883761077658e+02
1.700000000000000000e+02 1.699999999999999956e+00 6.182471983344793864e-01 -6.077985531035061513e+02 -5.076425069733205078e+02 -5.076425069733205078e+02
1.800000000000000000e+02 1.800000000000000044e+00 6.031410298724707575e-01 -6.053562827082573676e+02 -5.076474358689171140e+02 -5.076474358689171140e+02
1.900000000000000000e+02 1.900000000000000133e+00 6.168812851132434716e-01 -6.075810077310802626e+02 -5.076462395427348042e+02 -5.076462395427348042e+02
2.000000000000000000e+02 2.000000000000000000e+00 6.204322532219921360e-01 -6.081540907067234230e+02 -5.076440656847606760e+02 -5.076440656847606760e+02
2.100000000000000000e+02 2.100000000000000089e+00 5.489273253188322599e-01 -5.964667928042791800e+02 -5.075405661026283610e+02 -5.075405661026283610e+02
2.200000000000000000e+02 2.200000000000000178e+00 5.404955049412256685e-01 -5.951685469353510598e+02 -5.076082751348724855e+02 -5.076082751348724855e+02
2.300000000000000000e+02 2.300000000000000266e+00 5.816658260227935973e-01 -6.018477616633530261e+02 -5.076178978476604584e+02 -5.076178978476604584e+02
2.400000000000000000e+02 2.399999999999999911e+00 6.173546535598170015e-01 -6.076372708099496549e+02 -5.076258169332593297e+02 -5.076258169332593297e+02
2.500000000000000000e+02 2.500000000000000000e+00 6.083323032983312117e-01 -6.061873312872023689e+02 -5.076374981528726948e+02 -5.076374981528726948e+02
2.600000000000000000e+02 2.600000000000000089e+00 6.101361041401726082e-01 -6.065141389144918094e+02 -5.076720900437838395e+02 -5.076720900437838395e+02
2.700000000000000000e+02 2.700000000000000178e+00 6.281869181297585758e-01 -6.094161964851791708e+02 -5.076499157481582643e+02 -5.076499157481582643e+02
2.800000000000000000e+02 2.800000000000000266e+00 6.047118105899489393e-01 -6.056063730780485912e+02 -5.076430597624768666e+02 -5.076430597624768666e+02
2.900000000000000000e+02 2.899999999999999911e+00 5.947252103844721249e-01 -6.039638126946198327e+02 -5.076183286123353469e+02 -5.076183286123353469e+02
3.000000000000000000e+02 3.000000000000000000e+00 6.042846781666837419e-01 -6.055055841226393341e+02 -5.076114662596365861e+02 -5.076114662596365861e+02
3.100000000000000000e+02 3.100000000000000089e+00 5.768441596446421959e-01 -6.010969274262033650e+02 -5.076481735637713655e+02 -5.076481735637713655e+02
3.200000000000000000e+02 3.200000000000000178e+00 5.921348200350682323e-01 -6.035499139270561955e+02 -5.076240730813751725e+02 -5.076240730813751725e+02
3.300000000000000000e+02 3.300000000000000266e+00 5.528344333474871641e-01 -5.971258395700974688e+02 -5.075666613678045564e+02 -5.075666613678045564e+02
3.400000000000000000e+02 3.399999999999999911e+00 5.740576306671452134e-01 -6.006145721180120063e+02 -5.076172359499344680e+02 -5.076172359499344680e+02
3.500000000000000000e+02 3.500000000000000000e+00 6.262882886772179747e-01 -6.090588334267808932e+02 -5.076001306610716028e+02 -5.076001306610716028e+02
3.600000000000000000e+02 3.600000000000000089e+00 6.286459193127824641e-01 -6.094888515575981955e+02 -5.076482126289274674e+02 -5.076482126289274674e+02
3.700000000000000000e+02 3.700000000000000178e+00 5.722940844876817090e-01 -6.003202062874298690e+02 -5.076085646004254386e+02 -5.076085646004254386e+02
3.800000000000000000e+02 3.800000000000000266e+00 5.528215092430079913e-01 -5.971635588286159191e+02 -5.076064743312485916e+02 -5.076064743312485916e+02
3.900000000000000000e+02 3.899999999999999911e+00 6.651474845680698245e-01 -6.154103171698108099e+02 -5.076564246697835188e+02 -5.076564246697835188e+02
4.000000000000000000e+02 4.000000000000000000e+00 5.662761858573284179e-01 -5.993918819741207926e+02 -5.076551398652335934e+02 -5.076551398652335934e+02
4.100000000000000000e+02 4.099999999999999645e+00 5.421041065663035896e-01 -5.953849311221954395e+02 -5.075640658584542280e+02 -5.075640658584542280e+02
4.200000000000000000e+02 4.200000000000000178e+00 5.796537947041702221e-01 -6.014719630445778193e+02 -5.075680483025022340e+02 -5.075680483025022340e+02
4.300000000000000000e+02 4.299999999999999822e+00 5.761763186568842343e-01 -6.009273093648629356e+02 -5.075867457424477038e+02 -5.075867457424477038e+02
4.400000000000000000e+02 4.400000000000000355e+00 5.812686019250777880e-01 -6.017812044951913322e+02 -5.076156909833287045e+02 -5.076156909833287045e+02
4.500000000000000000e+02 4.500000000000000000e+00 5.790955131726306382e-01 -6.015131845611699646e+02 -5.076997114272037948e+02 -5.076997114272037948e+02
4.600000000000000000e+02 4.600000000000000533e+00 6.050780080505305802e-01 -6.056072089357453478e+02 -5.075845716315594132e+02 -5.075845716315594132e+02
4.700000000000000000e+02 4.700000000000000178e+00 5.776937661367697041e-01 -6.011868367386285854e+02 -5.076004466244718856e+02 -5.076004466244718856e+02
4.800000000000000000e+02 4.799999999999999822e+00 5.885048151410803285e-01 -6.029227634607167374e+02 -5.075849834078617278e+02 -5.075849834078617278e+02
4.900000000000000000e+02 4.900000000000000355e+00 6.143836473750944327e-01 -6.071588989072921549e+02 -5.076287480325268575e+02 -5.076287480325268575e+02
5.000000000000000000e+02 5.000000000000000000e+00 5.828184696982889879e-01 -6.020043347833955067e+02 -5.075877426922726841e+02 -5.075877426922726841e+02
5.100000000000000000e+02 5.100000000000000533e+00 6.401920992357790219e-01 -6.113170479555233214e+02 -5.076059278793271119e+02 -5.076059278793271119e+02
5.200000000000000000e+02 5.200000000000000178e+00 5.820399250158759807e-01 -6.018218710390769957e+02 -5.075314031865050879e+02 -5.075314031865050879e+02
5.300000000000000000e+02 5.299999999999999822e+00 5.689226913850675693e-01 -5.998497181412584496e+02 -5.076842421368775149e+02 -5.076842421368775149e+02
5.400000000000000000e+02 5.400000000000000355e+00 6.148785377477646863e-01 -6.072743675292089165e+02 -5.076640444140710429e+02 -5.076640444140710429e+02
5.500000000000000000e+02 5.500000000000000000e+00 5.411310212381981177e-01 -5.952818810472396081e+02 -5.076186556066514868e+02 -5.076186556066514868e+02
5.600000000000000000e+02 5.600000000000000533e+00 6.056308159662231461e-01 -6.057239232503560515e+02 -5.076117310638279037e+02 -5.076117310638279037e+02
5.700000000000000000e+02 5.700000000000000178e+00 5.810728146625602220e-01 -6.017207920739652991e+02 -5.075869960986305500e+02 -5.075869960986305500e+02
5.800000000000000000e+02 5.799999999999999822e+00 6.675783211627799307e-01 -6.158150704099716677e+02 -5.076673823816013282e+02 -5.076673823816013282e+02
5.900000000000000000e+02 5.900000000000000355e+00 5.644251559886244163e-01 -5.990035915921996548e+02 -5.075667163220425095e+02 -5.075667163220425095e+02
6.000000000000000000e+02 6.000000000000000000e+00 5.957729679215481022e-01 -6.041852562527463988e+02 -5.076700354494556109e+02 -5.076700354494556109e+02
6.100000000000000000e+02 6.100000000000000533e+00 5.709910191823239778e-01 -6.001149562006025917e+02 -5.076144110930661100e+02 -5.076144110930661100e+02
6.200000000000000000e+02 6.200000000000000178e+00 6.130640703927537905e-01 -6.069114108183755434e+02 -5.075950314147494282e+02 -5.075950314147494282e+02
6.300000000000000000e+02 6.299999999999999822e+00 6.238762968017673716e-01 -6.087134135770279499e+02 -5.076454534951416235e+02 -5.076454534951416235e+02
6.400000000000000000e+02 6.400000000000000355e+00 6.292250830748360446e-01 -6.095537721639205984e+02 -5.076193087057971525e+02 -5.076193087057971525e+02
6.500000000000000000e+02 6.500000000000000000e+00 6.102449449998555986e-01 -6.064263152957483953e+02 -5.075666342057717770e+02 -5.075666342057717770e+02
6.600000000000000000e+02 6.600000000000000533e+00 5.579383183703947591e-01 -5.979880890017619777e+02 -5.076020814257580014e+02 -5.076020814257580014e+02
6.700000000000000000e+02 6.700000000000000178e+00 6.189161390650247396e-01 -6.078839938593863508e+02 -5.076195793308523321e+02 -5.076195793308523321e+02
6.800000000000000000e+02 6.799999999999999822e+00 6.526373280683608336e-01 -6.134283068026494448e+02 -5.077010596555750226e+02 -5.077010596555750226e+02
6.900000000000000000e+02 6.900000000000000355e+00 6.179348839001095328e-01 -6.077320020141287387e+02 -5.076265508223110032e+02 -5.076265508223110032e+02
7.000000000000000000e+02 7.000000000000000000e+00 5.668880593233652787e-01 -5.993976095086294436e+02 -5.075617438982442877e+02 -5.075617438982442877e+02
7.100000000000000000e+02 7.100000000000000533e+00 5.485895072399175065e-01 -5.964904083172322089e+02 -5.076189081443656050e+02 -5.076189081443656050e+02
7.200000000000000000e+02 7.200000000000000178e+00 6.099540679300547996e-01 -6.064594665891683007e+02 -5.076469075844994450e+02 -5.076469075844994450e+02
7.300000000000000000e+02 7.299999999999999822e+00 5.980733872929295813e-01 -6.044763753720146724e+02 -5.075884866305600553e+02 -5.075884866305600553e+02
7.400000000000000000e+02 7.400000000000000355e+00 5.516098614622085838e-01 -5.969533406073459219e+02 -5.075925430504681231e+02 -5.075925430504681231e+02
7.500000000000000000e+02 7.500000000000000000e+00 6.876956588586617958e-01 -6.190617013570953304e+02 -5.076550046219921342e+02 -5.076550046219921342e+02
7.600000000000000000e+02 7.600000000000000533e+00 6.062114000066193276e-01 -6.058202139599534348e+02 -5.076139671588811098e+02 -5.076139671588811098e+02
7.700000000000000000e+02 7.700000000000000178e+00 5.872156041635783197e-01 -6.027459465450477865e+02 -5.076170186705480774e+02 -5.076170186705480774e+02
7.800000000000000000e+02 7.799999999999999822e+00 5.606032187211448248e-01 -5.983406125522342336e+02 -5.075228911194087686e+02 -5.075228911194087686e+02
7.900000000000000000e+02 7.900000000000000355e+00 6.099822376699802762e-01 -6.063188325279304536e+02 -5.075017100253936633e+02 -5.075017100253936633e+02
8.000000000000000000e+02 8.000000000000000000e+00 5.523953808407069399e-01 -5.970490327544171123e+02 -5.075609810582225805e+02 -5.075609810582225805e+02
8.100000000000000000e+02 8.099999999999999645e+00 5.834629478690008808e-01 -6.021134494780162640e+02 -5.075924519232381158e+02 -5.075924519232381158e+02
8.200000000000000000e+02 8.199999999999999289e+00 6.248133543071043849e-01 -6.088360162427078421e+02 -5.076162528449569322e+02 -5.076162528449569322e+02
8.300000000000000000e+02 8.300000000000000711e+00 5.879333163903878168e-01 -6.028426825302683483e+02 -5.075974852750255195e+02 -5.075974852750255195e+02
8.400000000000000000e+02 8.400000000000000355e+00 5.758547871869148516e-01 -6.008543223509084328e+02 -5.075658468266282171e+02 -5.075658468266282171e+02
8.500000000000000000e+02 8.500000000000000000e+00 5.573214647599623595e-01 -5.978169077887356480e+02 -5.075308304976217642e+02 -5.075308304976217642e+02
8.600000000000000000e+02 8.599999999999999645e+00 6.218582499543946485e-01 -6.083375969892731518e+02 -5.075965604966611977e+02 -5.075965604966611977e+02
8.700000000000000000e+02 8.700000000000001066e+00 5.805389668348421850e-01 -6.016060288464407222e+02 -5.075587162191962989e+02 -5.075587162191962989e+02
8.800000000000000000e+02 8.800000000000000711e+00 6.015075945612079478e-01 -6.050653608838438231e+02 -5.076211305649281371e+02 -5.076211305649281371e+02
8.900000000000000000e+02 8.900000000000000355e+00 6.306848579661312737e-01 -6.097927333798285190e+02 -5.076217863893152753e+02 -5.076217863893152753e+02
9.000000000000000000e+02 9.000000000000000000e+00 5.884784048271162193e-01 -6.028835701057970482e+02 -5.075500685238042138e+02 -5.075500685238042138e+02
9.100000000000000000e+02 9.099999999999999645e+00 6.397506433963803252e-01 -6.112050309604770746e+02 -5.075654267302634253e+02 -5.075654267302634253e+02
9.200000000000000000e+02 9.200000000000001066e+00 5.824470517705750972e-01 -6.019741735284709421e+02 -5.076177511416377683e+02 -5.076177511416377683e+02
9.300000000000000000e+02 9.300000000000000711e+00 5.805987782158192889e-01 -6.016534681840804524e+02 -5.075964661131177422e+02 -5.075964661131177422e+02
9.400000000000000000e+02 9.400000000000000355e+00 6.207808149194162795e-01 -6.082385785934246769e+02 -5.076720865764792734e+02 -5.076720865764792734e+02
9.500000000000000000e+02 9.500000000000000000e+00 5.317249919411533021e-01 -5.936438942885341703e+02 -5.075044455940673060e+02 -5.075044455940673060e+02
9.600000000000000000e+02 9.599999999999999645e+00 6.164489515056805757e-01 -6.074586031101389381e+02 -5.075938729662186688e+02 -5.075938729662186688e+02
9.700000000000000000e+02 9.700000000000001066e+00 5.809109559197503936e-01 -6.017555601721551284e+02 -5.076479853131555728e+02 -5.076479853131555728e+02
9.800000000000000000e+02 9.800000000000000711e+00 5.940598880111835900e-01 -6.037948511950530701e+02 -5.075571493372412988e+02 -5.075571493372412988e+02
9.900000000000000000e+02 9.900000000000000355e+00 6.323550448324157802e-01 -6.100851645759993289e+02 -5.076436473131479943e+02 -5.076436473131479943e+02
1.000000000000000000e+03 1.000000000000000000e+01 6.004496240543323315e-01 -6.048953579268513749e+02 -5.076225188300495574e+02 -5.076225188300495574e+02
