1.000000000000000000e+01 2.999999999999999889e-01 4.954691472798639779e-02 -6.742365139590010585e+02 -6.662099137730672282e+02 -6.662099137730672282e+02
2.000000000000000000e+01 5.999999999999999778e-01 5.729848295171167255e-02 -6.754924269425990815e+02 -6.662100727044218047e+02 -6.662100727044218047e+02
3.000000000000000000e+01 8.999999999999999112e-01 6.070028856170954501e-02 -6.760595507431202122e+02 -6.662261039961232427e+02 -6.662261039961232427e+02
4.000000000000000000e+01 1.199999999999999956e+00 5.522335404876134446e-02 -6.751474910127527664e+02 -6.662013076568533734e+02 -6.662013076568533734e+02
5.000000000000000000e+01 1.500000000000000000e+00 5.719304434547699961e-02 -6.754835550111442899e+02 -6.662182818271770657e+02 -6.662182818271770657e+02
6.000000000000000000e+01 1.799999999999999822e+00 6.096437477828014345e-02 -6.760932917087376381e+02 -6.662170629946562030e+02 -6.662170629946562030e+02
7.000000000000000000e+01 2.100000000000000089e+00 5.841567345257205057e-02 -6.756749260429332935e+02 -6.662115869436165667e+02 -6.662115869436165667e+02
8.000000000000000000e+01 2.399999999999999911e+00 5.713800022410948920e-02 -6.754716116316166108e+02 -6.662152555953108504e+02 -6.662152555953108504e+02
9.000000000000000000e+01 2.699999999999999734e+00 5.666023668191747659e-02 -6.753980087516919184e+02 -6.662190504092212677e+02 -6.662190504092212677e+02
1.000000000000000000e+02 3.000000000000000000e+00 6.030928381026877394e-02 -6.759842538258136528e+02 -6.662141498485501643e+02 -6.662141498485501643e+02
1.100000000000000000e+02 3.299999999999999822e+00 5.526704098362316547e-02 -6.751622555205080971e+02 -6.662089948811611748e+02 -6.662089948811611748e+02
1.200000000000000000e+02 3.599999999999999645e+00 6.345747008108400256e-02 -6.765015063052537698e+02 -6.662213961521181318e+02 -6.662213961521181318e+02
1.300000000000000000e+02 3.899999999999999911e+00 5.147383751930899309e-02 -6.745384761012926447e+02 -6.661997144231645507e+02 -6.661997144231645507e+02
1.400000000000000000e+02 4.200000000000000178e+00 5.741779489866410957e-02 -6.755183187832320755e+02 -6.662166360096484823e+02 -6.662166360096484823e+02
1.500000000000000000e+02 4.500000000000000000e+00 5.785913998564500005e-02 -6.755830099879252657e+02 -6.662098293102508251e+02 -6.662098293102508251e+02
1.600000000000000000e+02 4.799999999999999822e+00 5.189114629636451537e-02 -6.745945294950690823e+02 -6.661881637950580171e+02 -6.661881637950580171e+02
1.700000000000000000e+02 5.099999999999999645e+00 5.564700034348585983e-02 -6.752230166394367643e+02 -6.662082025837920582e+02 -6.662082025837920582e+02
1.800000000000000000e+02 5.399999999999999467e+00 5.864739243605385927e-02 -6.757142743749718647e+02 -6.662133968003311111e+02 -6.662133968003311111e+02
1.900000000000000000e+02 5.700000000000000178e+00 5.410612388214960933e-02 -6.749642621320747367e+02 -6.661990700631664595e+02 -6.661990700631664595e+02
2.000000000000000000e+02 6.000000000000000000e+00 5.564884932669114659e-02 -6.752117501911205864e+02 -6.661966366001965980e+02 -6.661966366001965980e+02
2.100000000000000000e+02 6.299999999999999822e+00 5.599792638726183713e-02 -6.752674926619783946e+02 -6.661958285872419765e+02 -6.661958285872419765e+02
2.200000000000000000e+02 6.599999999999999645e+00 5.498123981274900124e-02 -6.751101653207488198e+02 -6.662032044710834953e+02 -6.662032044710834953e+02
2.300000000000000000e+02 6.899999999999999467e+00 5.824371840262917988e-02 -6.756517602754964855e+02 -6.662162778942705472e+02 -6.662162778942705472e+02
2.400000000000000000e+02 7.199999999999999289e+00 5.578241247897424565e-02 -6.752379007311210444e+02 -6.662011499095272029e+02 -6.662011499095272029e+02
2.500000000000000000e+02 7.500000000000000000e+00 5.147939531628363541e-02 -6.745400247419115658e+02 -6.662003627006736224e+02 -6.662003627006736224e+02
2.600000000000000000e+02 7.799999999999999822e+00 5.661966258770195076e-02 -6.753790144019059198e+02 -6.662066290626981981e+02 -6.662066290626981981e+02
2.700000000000000000e+02 8.099999999999999645e+00 5.552907730440419937e-02 -6.752099501460522788e+02 -6.662142396227387735e+02 -6.662142396227387735e+02
2.800000000000000000e+02 8.400000000000000355e+00 5.744567822953377395e-02 -6.755222058424400302e+02 -6.662160059692555478e+02 -6.662160059692555478e+02
2.900000000000000000e+02 8.699999999999999289e+00 5.397938322357583724e-02 -6.749405293589272787e+02 -6.661958692767079810e+02 -6.661958692767079810e+02
3.000000000000000000e+02 9.000000000000000000e+00 5.872996145358817810e-02 -6.757308692227542224e+02 -6.662166154672729590e+02 -6.662166154672729590e+02
3.100000000000000000e+02 9.299999999999998934e+00 5.471211268589210031e-02 -6.750663467308307872e+02 -6.662029844757162209e+02 -6.662029844757162209e+02
3.200000000000000000e+02 9.599999999999999645e+00 5.695375415596590218e-02 -6.754367669970032466e+02 -6.662102588237368082e+02 -6.662102588237368082e+02
3.300000000000000000e+02 9.900000000000000355e+00 5.559381867275869221e-02 -6.752179859506504727e+02 -6.662117873256635221e+02 -6.662117873256635221e+02
