1.000000000000000000e+01 2.999999999999999889e-01 3.997519114802657869e-01 -6.210658396948603013e+02 -5.563060300350572334e+02 -5.563060300350572334e+02
2.000000000000000000e+01 5.999999999999999778e-01 4.307938082892736054e-01 -6.260604422622262746e+02 -5.562718453193639334e+02 -5.562718453193639334e+02
3.000000000000000000e+01 8.999999999999999112e-01 4.090071137883198871e-01 -6.222167061165704354e+02 -5.559575536828625673e+02 -5.559575536828625673e+02
4.000000000000000000e+01 1.199999999999999956e+00 4.315335768593455690e-01 -6.256882543323728214e+02 -5.557798148811588135e+02 -5.557798148811588135e+02
5.000000000000000000e+01 1.500000000000000000e+00 4.351506208198496761e-01 -6.263092599534866167e+02 -5.558148593806710096e+02 -5.558148593806710096e+02
6.000000000000000000e+01 1.799999999999999822e+00 4.512349194474681857e-01 -6.291381699057602646e+02 -5.560381129552704351e+02 -5.560381129552704351e+02
7.000000000000000000e+01 2.100000000000000089e+00 4.061938311054665296e-01 -6.218875317972801895e+02 -5.560841311581946229e+02 -5.560841311581946229e+02
8.000000000000000000e+01 2.399999999999999911e+00 4.115863793757275624e-01 -6.226331636226091177e+02 -5.559561701637412625e+02 -5.559561701637412625e+02
9.000000000000000000e+01 2.699999999999999734e+00 4.370008823471204784e-01 -6.269230133768495534e+02 -5.561288704366160118e+02 -5.561288704366160118e+02
1.000000000000000000e+02 3.000000000000000000e+00 4.078435193444083784e-01 -6.224734072024646139e+02 -5.564027570686704394e+02 -5.564027570686704394e+02
1.100000000000000000e+02 3.299999999999999822e+00 4.458102118991664753e-01 -6.286732127100929119e+02 -5.564519583824279607e+02 -5.564519583824279607e+02
1.200000000000000000e+02 3.599999999999999645e+00 4.048698596493217616e-01 -6.216628248404626902e+02 -5.560739075772726210e+02 -5.560739075772726210e+02
1.300000000000000000e+02 3.899999999999999911e+00 4.262747401166002148e-01 -6.252846949781527428e+02 -5.562281870792635345e+02 -5.562281870792635345e+02
1.400000000000000000e+02 4.200000000000000178e+00 4.205454636570689075e-01 -6.240492576616817360e+02 -5.559208925492365552e+02 -5.559208925492365552e+02
1.500000000000000000e+02 4.500000000000000000e+00 4.498110470774865366e-01 -6.289051942492229728e+02 -5.560358046226701845e+02 -5.560358046226701845e+02
1.600000000000000000e+02 4.799999999999999822e+00 4.216233772401302704e-01 -6.241937124505969905e+02 -5.558907253376959261e+02 -5.558907253376959261e+02
1.700000000000000000e+02 5.099999999999999645e+00 4.323067077263934577e-01 -6.265314077121678338e+02 -5.564977210604920401e+02 -5.564977210604920401e+02
1.800000000000000000e+02 5.399999999999999467e+00 3.910004959923489842e-01 -6.195901526438036626e+02 -5.562480722930431511e+02 -5.562480722930431511e+02
1.900000000000000000e+02 5.700000000000000178e+00 4.245510800675932894e-01 -6.250685103259695552e+02 -5.562912353550194666e+02 -5.562912353550194666e+02
2.000000000000000000e+02 6.000000000000000000e+00 3.868211216524388152e-01 -6.187863950829330406e+02 -5.561213733752379085e+02 -5.561213733752379085e+02
2.100000000000000000e+02 6.299999999999999822e+00 4.899943415820067205e-01 -6.360043304856390023e+02 -5.566252471493538678e+02 -5.566252471493538678e+02
2.200000000000000000e+02 6.599999999999999645e+00 4.189341134822532897e-01 -6.240407170142608493e+02 -5.561733906301358275e+02 -5.561733906301358275e+02
2.300000000000000000e+02 6.899999999999999467e+00 4.050226005003743635e-01 -6.216009569071862870e+02 -5.559872956261256149e+02 -5.559872956261256149e+02
2.400000000000000000e+02 7.199999999999999289e+00 4.150323017947070148e-01 -6.235440488499820049e+02 -5.563088159592394959e+02 -5.563088159592394959e+02
2.500000000000000000e+02 7.500000000000000000e+00 4.375430143476498612e-01 -6.274436675874854927e+02 -5.565616992631662470e+02 -5.565616992631662470e+02
2.600000000000000000e+02 7.799999999999999822e+00 4.233605303825195842e-01 -6.245904969413547860e+02 -5.560060910193866448e+02 -5.560060910193866448e+02
2.700000000000000000e+02 8.099999999999999645e+00 4.155911137709591974e-01 -6.233072805219833299e+02 -5.559815200910879867e+02 -5.559815200910879867e+02
2.800000000000000000e+02 8.400000000000000355e+00 4.133546856623911969e-01 -6.226718609115707750e+02 -5.557084018342634408e+02 -5.557084018342634408e+02
2.900000000000000000e+02 8.699999999999999289e+00 4.152907601232043722e-01 -6.231380569456694047e+02 -5.558609538057103236e+02 -5.558609538057103236e+02
3.000000000000000000e+02 9.000000000000000000e+00 4.226752902615015239e-01 -6.244515253724250670e+02 -5.559781283500618656e+02 -5.559781283500618656e+02
3.100000000000000000e+02 9.299999999999998934e+00 4.376265449996652457e-01 -6.269828923637671778e+02 -5.560873920738214338e+02 -5.560873920738214338e+02
3.200000000000000000e+02 9.599999999999999645e+00 4.440179208531888633e-01 -6.274602007364478595e+02 -5.555292975582312920e+02 -5.555292975582312920e+02
3.300000000000000000e+02 9.900000000000000355e+00 4.344800458763570239e-01 -6.263144119215553474e+02 -5.559286444895855084e+02 -5.559286444895855084e+02
