1.000000000000000000e+01 2.999999999999999889e-01 5.465340204923185841e-01 -5.956945427950016665e+02 -5.071560314752460386e+02 -5.071560314752460386e+02
2.000000000000000000e+01 5.999999999999999778e-01 5.824768556876528391e-01 -6.017260878603818810e+02 -5.073648372389820906e+02 -5.073648372389820906e+02
3.000000000000000000e+01 8.999999999999999112e-01 6.004413972001816369e-01 -6.034686488456754887e+02 -5.061971424992460697e+02 -5.061971424992460697e+02
4.000000000000000000e+01 1.199999999999999956e+00 6.151780597239501214e-01 -6.053286770796157725e+02 -5.056698314043358664e+02 -5.056698314043358664e+02
5.000000000000000000e+01 1.500000000000000000e+00 5.650123515910743244e-01 -5.981640129012695297e+02 -5.066320119435155220e+02 -5.066320119435155220e+02
6.000000000000000000e+01 1.799999999999999822e+00 5.693138209272061712e-01 -5.995624735597091330e+02 -5.073336345695017258e+02 -5.073336345695017258e+02
7.000000000000000000e+01 2.100000000000000089e+00 5.382485014817541824e-01 -5.941214673427798516e+02 -5.069252101027356616e+02 -5.069252101027356616e+02
8.000000000000000000e+01 2.399999999999999911e+00 5.822726529334526502e-01 -6.016307675470228560e+02 -5.073025977718035051e+02 -5.073025977718035051e+02
9.000000000000000000e+01 2.699999999999999734e+00 5.716705477339284469e-01 -5.993306802122411909e+02 -5.067200514793447610e+02 -5.067200514793447610e+02
1.000000000000000000e+02 3.000000000000000000e+00 6.075255162649095819e-01 -6.060062360014350133e+02 -5.075871023665196731e+02 -5.075871023665196731e+02
1.100000000000000000e+02 3.299999999999999822e+00 6.105031176939753612e-01 -6.057279194209088473e+02 -5.068264143544848253e+02 -5.068264143544848253e+02
1.200000000000000000e+02 3.599999999999999645e+00 6.436298015250617732e-01 -6.110526840832395692e+02 -5.067846562361795577e+02 -5.067846562361795577e+02
1.300000000000000000e+02 3.899999999999999911e+00 5.502756287207710706e-01 -5.966573945994597352e+02 -5.075127427466948120e+02 -5.075127427466948120e+02
1.400000000000000000e+02 4.200000000000000178e+00 5.445469139059976316e-01 -5.945738593872749789e+02 -5.063572593345033397e+02 -5.063572593345033397e+02
1.500000000000000000e+02 4.500000000000000000e+00 5.781563734606045557e-01 -6.013875735974337431e+02 -5.077262410968157837e+02 -5.077262410968157837e+02
1.600000000000000000e+02 4.799999999999999822e+00 4.997360586101555202e-01 -5.881561274039742102e+02 -5.071988859091289896e+02 -5.071988859091289896e+02
1.700000000000000000e+02 5.099999999999999645e+00 5.563822846730825944e-01 -5.978429992083964635e+02 -5.077090690913570938e+02 -5.077090690913570938e+02
1.800000000000000000e+02 5.399999999999999467e+00 5.777951124236045954e-01 -6.014605442525308945e+02 -5.078577360399069676e+02 -5.078577360399069676e+02
1.900000000000000000e+02 5.700000000000000178e+00 5.627363279619365111e-01 -5.972784044945823325e+02 -5.061151193647486366e+02 -5.061151193647486366e+02
2.000000000000000000e+02 6.000000000000000000e+00 6.058704027221480937e-01 -6.054392241546552214e+02 -5.072882189136672082e+02 -5.072882189136672082e+02
2.100000000000000000e+02 6.299999999999999822e+00 5.628958694381067662e-01 -5.982736863216784968e+02 -5.070845554727052331e+02 -5.070845554727052331e+02
2.200000000000000000e+02 6.599999999999999645e+00 5.272492477609277417e-01 -5.922812679896358077e+02 -5.068668898523654889e+02 -5.068668898523654889e+02
2.300000000000000000e+02 6.899999999999999467e+00 5.663880648720344135e-01 -5.990442266182735693e+02 -5.072893601090040079e+02 -5.072893601090040079e+02
2.400000000000000000e+02 7.199999999999999289e+00 5.852935260279401586e-01 -6.029986544703533582e+02 -5.081811032538270183e+02 -5.081811032538270183e+02
2.500000000000000000e+02 7.500000000000000000e+00 6.229761431990399334e-01 -6.078658907034441654e+02 -5.069437555051997037e+02 -5.069437555051997037e+02
2.600000000000000000e+02 7.799999999999999822e+00 5.572881463401901936e-01 -5.956664085999092322e+02 -5.053857288927983973e+02 -5.053857288927983973e+02
2.700000000000000000e+02 8.099999999999999645e+00 5.652852063757296541e-01 -5.973455821927205989e+02 -5.057693787598524295e+02 -5.057693787598524295e+02
2.800000000000000000e+02 8.400000000000000355e+00 6.020730606665259943e-01 -6.042164530731082550e+02 -5.066806172451310317e+02 -5.066806172451310317e+02
2.900000000000000000e+02 8.699999999999999289e+00 5.988322459179949986e-01 -6.036757865594006489e+02 -5.066649627206854802e+02 -5.066649627206854802e+02
3.000000000000000000e+02 9.000000000000000000e+00 5.718922343001554554e-01 -5.973925010821025126e+02 -5.047459591254773272e+02 -5.047459591254773272e+02
3.100000000000000000e+02 9.299999999999998934e+00 6.120961451043398505e-01 -6.029794766085929041e+02 -5.038199011016898794e+02 -5.038199011016898794e+02
3.200000000000000000e+02 9.599999999999999645e+00 5.888543520523166208e-01 -5.994999770924256381e+02 -5.041055720599503616e+02 -5.041055720599503616e+02
3.300000000000000000e+02 9.900000000000000355e+00 5.807226444158675172e-01 -5.979853181957349761e+02 -5.039082498003644446e+02 -5.039082498003644446e+02
