1.000000000000000000e+01 2.999999999999999889e-01 1.346919621633691166e+00 -5.262558650305094261e+02 -3.080548863258514984e+02 -3.080548863258514984e+02
2.000000000000000000e+01 5.999999999999999778e-01 2.197099664442342750e+15 2.678015130057576597e+08 3.559301459074610560e+17 3.559301459074610560e+17
3.000000000000000000e+01 8.999999999999999112e-01 8.510503629638802097e+24 2.202684618951192932e+11 1.378701588001486180e+27 1.378701588001486180e+27
4.000000000000000000e+01 1.199999999999999956e+00 8.511752983283040134e+24 8.608524323696569443e+09 1.378903983291852543e+27 1.378903983291852543e+27
5.000000000000000000e+01 1.500000000000000000e+00 1.303397216140973961e+28 1.575867955624944458e+11 2.111503490148377922e+30 2.111503490148377922e+30
6.000000000000000000e+01 1.799999999999999822e+00 8.451799410654767974e+31 4.230761891029955625e+14 1.369191504526072333e+34 1.369191504526072333e+34
7.000000000000000000e+01 2.100000000000000089e+00 8.454891665898888057e+31 4.097478857498885989e+08 1.369692449875619916e+34 1.369692449875619916e+34
8.000000000000000000e+01 2.399999999999999911e+00 2.474329483673280629e+41 7.209105253245948255e+07 4.008413763550714348e+43 4.008413763550714348e+43
9.000000000000000000e+01 2.699999999999999734e+00 2.474329669700691698e+41 1.470312474185446167e+11 4.008414064915120257e+43 4.008414064915120257e+43
1.000000000000000000e+02 3.000000000000000000e+00 2.474329669701319953e+41 8.211905473577378988e+08 4.008414064916138339e+43 4.008414064916138339e+43
1.100000000000000000e+02 3.299999999999999822e+00 2.474329669701364441e+41 1.002058341331561523e+12 4.008414064916210635e+43 4.008414064916210635e+43
1.200000000000000000e+02 3.599999999999999645e+00 2.475379746933054004e+41 8.585903175074328613e+10 4.010115190031547587e+43 4.010115190031547587e+43
1.300000000000000000e+02 3.899999999999999911e+00 2.475379746933054004e+41 4.168648605585883558e+07 4.010115190031547587e+43 4.010115190031547587e+43
1.400000000000000000e+02 4.200000000000000178e+00 2.475379746933053617e+41 9.152214215378133059e+08 4.010115190031547092e+43 4.010115190031547092e+43
1.500000000000000000e+02 4.500000000000000000e+00 2.475409546452298829e+41 5.293988487930692291e+10 4.010163465252723979e+43 4.010163465252723979e+43
1.600000000000000000e+02 4.799999999999999822e+00 5.287291302906671948e+48 1.742510215305102923e+24 8.565411910708808945e+50 8.565411910708808945e+50
1.700000000000000000e+02 5.099999999999999645e+00 2.114916446900400353e+49 4.242145490278659016e+07 3.426164643978648712e+51 3.426164643978648712e+51
1.800000000000000000e+02 5.399999999999999467e+00 2.114916446900400353e+49 6.637404168447918701e+11 3.426164643978648712e+51 3.426164643978648712e+51
1.900000000000000000e+02 5.700000000000000178e+00 2.114916446900400353e+49 1.956367739425839996e+10 3.426164643978648712e+51 3.426164643978648712e+51
2.000000000000000000e+02 6.000000000000000000e+00 2.114916446900400353e+49 1.508217450112204552e+10 3.426164643978648712e+51 3.426164643978648712e+51
2.100000000000000000e+02 6.299999999999999822e+00 2.114916446900400353e+49 1.941993442353601456e+09 3.426164643978648712e+51 3.426164643978648712e+51
2.200000000000000000e+02 6.599999999999999645e+00 2.114916446900400353e+49 1.428969121272146606e+11 3.426164643978648712e+51 3.426164643978648712e+51
2.300000000000000000e+02 6.899999999999999467e+00 2.114916446900400353e+49 2.997300145684866905e+08 3.426164643978648712e+51 3.426164643978648712e+51
2.400000000000000000e+02 7.199999999999999289e+00 2.114916446900405286e+49 6.894947972298169136e+08 3.426164643978656688e+51 3.426164643978656688e+51
2.500000000000000000e+02 7.500000000000000000e+00 2.114916446900405286e+49 6.893476343380177344e+13 3.426164643978656688e+51 3.426164643978656688e+51
2.600000000000000000e+02 7.799999999999999822e+00 2.114916446900405286e+49 1.845240181756000221e+08 3.426164643978656688e+51 3.426164643978656688e+51
2.700000000000000000e+02 8.099999999999999645e+00 2.114916446900405286e+49 5.236298543484663391e+10 3.426164643978656688e+51 3.426164643978656688e+51
2.800000000000000000e+02 8.400000000000000355e+00 2.114916446900405286e+49 2.826735385264874458e+09 3.426164643978656688e+51 3.426164643978656688e+51
2.900000000000000000e+02 8.699999999999999289e+00 2.114916446900405286e+49 9.636912185715701294e+10 3.426164643978656688e+51 3.426164643978656688e+51
3.000000000000000000e+02 9.000000000000000000e+00 2.114916446900405805e+49 1.627782037769685984e+08 3.426164643978657352e+51 3.426164643978657352e+51
3.100000000000000000e+02 9.299999999999998934e+00 2.114916446900405805e+49 2.717136789298493415e+07 3.426164643978657352e+51 3.426164643978657352e+51
3.200000000000000000e+02 9.599999999999999645e+00 2.114916446900405805e+49 9.771896768665730953e+07 3.426164643978657352e+51 3.426164643978657352e+51
3.300000000000000000e+02 9.900000000000000355e+00 2.114916446900405805e+49 7.605748784997428711e+12 3.426164643978657352e+51 3.426164643978657352e+51
