
 **** DERIVATIVE DATABASE ****    
+DDB, Version number  20230401

  Note : temporary (transfer) database

    usepaw         0
     natom         1
      nkpt        20
    nsppol         1
      nsym        48
    ntypat         1
    occopt         4
     nband         8
     acell  0.54029896647000D+01  0.54029896647000D+01  0.54029896647000D+01
       amu  0.92906380000000D+02
   dilatmx  0.10000000000000D+01
      ecut  0.14000000000000D+02
    ecutsm  0.00000000000000D+00
     intxc         0
      iscf         7
       ixc        11
       kpt -0.41666666666667D-01 -0.41666666666667D-01  0.12500000000000D+00
           -0.41666666666667D-01 -0.41666666666667D-01  0.29166666666667D+00
           -0.41666666666667D-01 -0.41666666666667D-01  0.45833333333333D+00
           -0.12500000000000D+00 -0.12500000000000D+00  0.41666666666667D-01
           -0.12500000000000D+00 -0.12500000000000D+00  0.37500000000000D+00
           -0.41666666666667D-01 -0.20833333333333D+00  0.45833333333333D+00
           -0.12500000000000D+00 -0.12500000000000D+00 -0.45833333333333D+00
           -0.41666666666667D-01 -0.20833333333333D+00 -0.37500000000000D+00
           -0.12500000000000D+00 -0.29166666666667D+00  0.41666666666667D-01
           -0.20833333333333D+00 -0.20833333333333D+00  0.12500000000000D+00
           -0.20833333333333D+00 -0.20833333333333D+00 -0.37500000000000D+00
           -0.12500000000000D+00 -0.29166666666667D+00 -0.29166666666667D+00
           -0.12500000000000D+00 -0.45833333333333D+00  0.41666666666667D-01
           -0.29166666666667D+00 -0.29166666666667D+00  0.41666666666667D-01
           -0.20833333333333D+00 -0.37500000000000D+00  0.12500000000000D+00
           -0.29166666666667D+00 -0.29166666666667D+00  0.20833333333333D+00
           -0.37500000000000D+00 -0.37500000000000D+00  0.12500000000000D+00
           -0.29166666666667D+00 -0.45833333333333D+00  0.20833333333333D+00
           -0.37500000000000D+00 -0.37500000000000D+00  0.29166666666667D+00
           -0.45833333333333D+00 -0.45833333333333D+00  0.37500000000000D+00
    kptnrm  0.10000000000000D+01
     ngfft        20   20   20
    nspden         1
   nspinor         1
       occ  0.20000000000000D+01  0.20000000000000D+01  0.20000000000000D+01
            0.20000000000000D+01  0.20000000002990D+01  0.89452445049573D+00
            0.89452435588272D+00  0.12261494277139D+00
     rprim -0.57735026919000D+00  0.57735026919000D+00  0.57735026919000D+00
            0.57735026919000D+00 -0.57735026919000D+00  0.57735026919000D+00
            0.57735026919000D+00  0.57735026919000D+00 -0.57735026919000D+00
  dfpt_sciss  0.00000000000000D+00
    spinat  0.00000000000000D+00  0.00000000000000D+00  0.00000000000000D+00
    symafm         1    1    1    1    1    1    1    1    1    1    1    1
                   1    1    1    1    1    1    1    1    1    1    1    1
                   1    1    1    1    1    1    1    1    1    1    1    1
                   1    1    1    1    1    1    1    1    1    1    1    1
    symrel         1    0    0    0    1    0    0    0    1
                  -1    0    0    0   -1    0    0    0   -1
                  -1   -1   -1    0    0    1    0    1    0
                   1    1    1    0    0   -1    0   -1    0
                   0    1    0    1    0    0   -1   -1   -1
                   0   -1    0   -1    0    0    1    1    1
                   0    0    1   -1   -1   -1    1    0    0
                   0    0   -1    1    1    1   -1    0    0
                   0    1    0    1    0    0    0    0    1
                   0   -1    0   -1    0    0    0    0   -1
                  -1   -1   -1    0    0    1    1    0    0
                   1    1    1    0    0   -1   -1    0    0
                   1    0    0    0    1    0   -1   -1   -1
                  -1    0    0    0   -1    0    1    1    1
                   0    0    1   -1   -1   -1    0    1    0
                   0    0   -1    1    1    1    0   -1    0
                  -1   -1   -1    1    0    0    0    0    1
                   1    1    1   -1    0    0    0    0   -1
                   0    1    0    0    0    1    1    0    0
                   0   -1    0    0    0   -1   -1    0    0
                   1    0    0   -1   -1   -1    0    1    0
                  -1    0    0    1    1    1    0   -1    0
                   0    0    1    0    1    0   -1   -1   -1
                   0    0   -1    0   -1    0    1    1    1
                   1    0    0   -1   -1   -1    0    0    1
                  -1    0    0    1    1    1    0    0   -1
                   0    1    0    0    0    1   -1   -1   -1
                   0   -1    0    0    0   -1    1    1    1
                  -1   -1   -1    1    0    0    0    1    0
                   1    1    1   -1    0    0    0   -1    0
                   0    0    1    0    1    0    1    0    0
                   0    0   -1    0   -1    0   -1    0    0
                   0    1    0   -1   -1   -1    0    0    1
                   0   -1    0    1    1    1    0    0   -1
                   1    0    0    0    0    1   -1   -1   -1
                  -1    0    0    0    0   -1    1    1    1
                  -1   -1   -1    0    1    0    1    0    0
                   1    1    1    0   -1    0   -1    0    0
                   0    0    1    1    0    0    0    1    0
                   0    0   -1   -1    0    0    0   -1    0
                  -1   -1   -1    0    1    0    0    0    1
                   1    1    1    0   -1    0    0    0   -1
                   1    0    0    0    0    1    0    1    0
                  -1    0    0    0    0   -1    0   -1    0
                   0    1    0   -1   -1   -1    1    0    0
                   0   -1    0    1    1    1   -1    0    0
                   0    0    1    1    0    0   -1   -1   -1
                   0    0   -1   -1    0    0    1    1    1
     tnons  0.00000000000000D+00  0.00000000000000D+00  0.00000000000000D+00
            0.00000000000000D+00  0.00000000000000D+00  0.00000000000000D+00
            0.00000000000000D+00  0.00000000000000D+00  0.00000000000000D+00
            0.00000000000000D+00  0.00000000000000D+00  0.00000000000000D+00
            0.00000000000000D+00  0.00000000000000D+00  0.00000000000000D+00
            0.00000000000000D+00  0.00000000000000D+00  0.00000000000000D+00
            0.00000000000000D+00  0.00000000000000D+00  0.00000000000000D+00
            0.00000000000000D+00  0.00000000000000D+00  0.00000000000000D+00
            0.00000000000000D+00  0.00000000000000D+00  0.00000000000000D+00
            0.00000000000000D+00  0.00000000000000D+00  0.00000000000000D+00
            0.00000000000000D+00  0.00000000000000D+00  0.00000000000000D+00
            0.00000000000000D+00  0.00000000000000D+00  0.00000000000000D+00
            0.00000000000000D+00  0.00000000000000D+00  0.00000000000000D+00
            0.00000000000000D+00  0.00000000000000D+00  0.00000000000000D+00
            0.00000000000000D+00  0.00000000000000D+00  0.00000000000000D+00
            0.00000000000000D+00  0.00000000000000D+00  0.00000000000000D+00
            0.00000000000000D+00  0.00000000000000D+00  0.00000000000000D+00
            0.00000000000000D+00  0.00000000000000D+00  0.00000000000000D+00
            0.00000000000000D+00  0.00000000000000D+00  0.00000000000000D+00
            0.00000000000000D+00  0.00000000000000D+00  0.00000000000000D+00
            0.00000000000000D+00  0.00000000000000D+00  0.00000000000000D+00
            0.00000000000000D+00  0.00000000000000D+00  0.00000000000000D+00
            0.00000000000000D+00  0.00000000000000D+00  0.00000000000000D+00
            0.00000000000000D+00  0.00000000000000D+00  0.00000000000000D+00
            0.00000000000000D+00  0.00000000000000D+00  0.00000000000000D+00
            0.00000000000000D+00  0.00000000000000D+00  0.00000000000000D+00
            0.00000000000000D+00  0.00000000000000D+00  0.00000000000000D+00
            0.00000000000000D+00  0.00000000000000D+00  0.00000000000000D+00
            0.00000000000000D+00  0.00000000000000D+00  0.00000000000000D+00
            0.00000000000000D+00  0.00000000000000D+00  0.00000000000000D+00
            0.00000000000000D+00  0.00000000000000D+00  0.00000000000000D+00
            0.00000000000000D+00  0.00000000000000D+00  0.00000000000000D+00
            0.00000000000000D+00  0.00000000000000D+00  0.00000000000000D+00
            0.00000000000000D+00  0.00000000000000D+00  0.00000000000000D+00
            0.00000000000000D+00  0.00000000000000D+00  0.00000000000000D+00
            0.00000000000000D+00  0.00000000000000D+00  0.00000000000000D+00
            0.00000000000000D+00  0.00000000000000D+00  0.00000000000000D+00
            0.00000000000000D+00  0.00000000000000D+00  0.00000000000000D+00
            0.00000000000000D+00  0.00000000000000D+00  0.00000000000000D+00
            0.00000000000000D+00  0.00000000000000D+00  0.00000000000000D+00
            0.00000000000000D+00  0.00000000000000D+00  0.00000000000000D+00
            0.00000000000000D+00  0.00000000000000D+00  0.00000000000000D+00
            0.00000000000000D+00  0.00000000000000D+00  0.00000000000000D+00
            0.00000000000000D+00  0.00000000000000D+00  0.00000000000000D+00
            0.00000000000000D+00  0.00000000000000D+00  0.00000000000000D+00
            0.00000000000000D+00  0.00000000000000D+00  0.00000000000000D+00
            0.00000000000000D+00  0.00000000000000D+00  0.00000000000000D+00
            0.00000000000000D+00  0.00000000000000D+00  0.00000000000000D+00
    tolwfr  0.10000000000000D+01
   tphysel  0.00000000000000D+00
    tsmear  0.40000000000000D-01
     typat         1
       wtk  0.18518518518519D-01  0.55555555555556D-01  0.55555555555556D-01
            0.55555555555556D-01  0.18518518518519D-01  0.55555555555556D-01
            0.55555555555556D-01  0.55555555555556D-01  0.11111111111111D+00
            0.55555555555556D-01  0.18518518518519D-01  0.18518518518519D-01
            0.55555555555556D-01  0.55555555555556D-01  0.11111111111111D+00
            0.55555555555556D-01  0.18518518518519D-01  0.55555555555556D-01
            0.55555555555556D-01  0.18518518518519D-01
      xred  0.00000000000000D+00  0.00000000000000D+00  0.00000000000000D+00
     znucl  0.41000000000000D+02
      zion  0.13000000000000D+02
 
 No information on the potentials yet 
 
 **** Database of total energy derivatives ****
 Number of data blocks=    2
  
 1st derivatives              - # elements :           9
     1     1  0.00000000000000D+00  0.00000000000000D+00
     2     1  0.00000000000000D+00  0.00000000000000D+00
     3     1  0.00000000000000D+00  0.00000000000000D+00
     1     4  0.41526368573005D-02  0.00000000000000D+00
     2     4  0.41526368573005D-02  0.00000000000000D+00
     3     4  0.41526368573005D-02  0.00000000000000D+00
     1     5  0.00000000000000D+00  0.00000000000000D+00
     2     5  0.00000000000000D+00  0.00000000000000D+00
     3     5  0.00000000000000D+00  0.00000000000000D+00
  
 Total energy                 - # elements :           1
 -0.62003689843548D+02  0.00000000000000D+00
